7.943300000000000693e+01 1.227040020344848624e-03 -3.283340064801108966e-03
6.309599999999999653e+01 1.888678936237842866e-03 -4.258695854563171804e-03
5.011899999999999977e+01 4.333068378420895997e-04 -3.699238088959118809e-03
3.981099999999999994e+01 1.834116090549649594e-03 -4.944879919420878088e-03
3.162300000000000111e+01 1.756522130664199891e-03 -4.780232895880964610e-03
2.511899999999999977e+01 1.615971857804616302e-03 -5.187872271931354660e-03
1.995299999999999940e+01 2.409805132779108128e-03 -5.533309752725205227e-03
1.584900000000000020e+01 3.538389989986745650e-03 -6.018003461478437996e-03
1.258900000000000041e+01 5.476754594285120591e-03 -7.118132490008608447e-03
1.000000000000000000e+01 5.726087771711602971e-03 -7.938701115935630284e-03
7.943299999999999805e+00 7.312119754580751786e-03 -8.517359227313271025e-03
6.309599999999999653e+00 8.446864534794585461e-03 -8.589854505992852718e-03
5.011899999999999800e+00 1.044769993600402208e-02 -8.786919645261556666e-03
3.981100000000000083e+00 1.222441558191985495e-02 -8.611992988766435653e-03
3.162300000000000111e+00 1.441615856032137447e-02 -8.196000302444279850e-03
2.511899999999999800e+00 1.665148323218969273e-02 -6.842214681311158640e-03
1.995300000000000074e+00 1.843363132419929135e-02 -4.567876271960541988e-03
1.584899999999999975e+00 2.087032918980341947e-02 -1.906632599061825655e-03
1.258899999999999908e+00 2.110467352808334529e-02 1.884380326156629218e-03
1.000000000000000000e+00 2.156761414697475066e-02 5.821404317885160544e-03
7.943299999999999805e-01 1.997732949009873443e-02 1.080203979647222784e-02
6.309599999999999653e-01 1.750633494560326769e-02 1.495841605991162469e-02
5.011900000000000244e-01 1.381768403393041078e-02 1.855994738084331547e-02
3.981100000000000194e-01 9.975912968976170109e-03 2.237146948837221566e-02
3.162300000000000111e-01 5.879468085315242391e-03 2.504074799592421324e-02
2.511900000000000244e-01 1.196017458500620891e-03 2.782812020143336090e-02
1.995300000000000129e-01 -3.393112919712137389e-03 2.883413700836800694e-02
1.584899999999999920e-01 -8.228168039835713835e-03 3.046019339374023138e-02
1.258900000000000019e-01 -1.255299584601288730e-02 3.274745057645342405e-02
1.000000000000000056e-01 -1.793065491215521667e-02 3.363469986384634569e-02
7.943300000000000360e-02 -2.158561135295493719e-02 3.469994924997205077e-02
6.309599999999999931e-02 -2.774310758754683359e-02 3.582959533904363919e-02
5.011899999999999689e-02 -2.908167336840523920e-02 3.713129168793745383e-02
3.981099999999999917e-02 -3.479049249732587418e-02 4.086053541742921263e-02
3.162299999999999833e-02 -4.033940758016694994e-02 4.183792148183762549e-02
2.511899999999999897e-02 -4.455607110247136043e-02 4.655200511487207066e-02
1.995299999999999851e-02 -4.970692379549723067e-02 5.047260108696038916e-02
1.584899999999999851e-02 -5.308926434241328235e-02 5.384956705980392666e-02
1.258899999999999950e-02 -5.855221455234076167e-02 5.609904468489789603e-02
1.000000000000000021e-02 -6.042569182956065293e-02 6.380500588925204497e-02
