7.943300000000000693e+01 1.425208625337107474e-03 -4.582541863958751634e-03
6.309599999999999653e+01 4.410953229707983980e-04 -4.464975171489247649e-03
5.011899999999999977e+01 -5.324126084783721916e-04 -4.763571097439002477e-03
3.981099999999999994e+01 7.559509412420565427e-04 -6.840633200729745803e-03
3.162300000000000111e+01 3.227423262763418760e-04 -7.511574625844417118e-03
2.511899999999999977e+01 -9.172566986122166616e-04 -7.933496436689432829e-03
1.995299999999999940e+01 -5.785259077286560025e-04 -9.771361097527108894e-03
1.584900000000000020e+01 -6.572336921174320654e-04 -1.203629296293490421e-02
1.258900000000000041e+01 8.769493672080262703e-05 -1.588493613088520079e-02
1.000000000000000000e+01 2.173061378304261618e-03 -2.064409972886414174e-02
7.943299999999999805e+00 5.354138787048553540e-03 -2.534467048512679607e-02
6.309599999999999653e+00 9.336995335280429131e-03 -2.947391439973928023e-02
5.011899999999999800e+00 1.524078217527561133e-02 -3.323986369348772701e-02
3.981100000000000083e+00 2.249452176523748445e-02 -3.584551322231324666e-02
3.162300000000000111e+00 3.062691070897032714e-02 -3.744309707621188560e-02
2.511899999999999800e+00 3.952955925052237945e-02 -3.739944928274658437e-02
1.995300000000000074e+00 4.842625099976920200e-02 -3.491495250811539608e-02
1.584899999999999975e+00 5.621618486695120070e-02 -3.061134837347623608e-02
1.258899999999999908e+00 6.348261903102607462e-02 -2.343337719911469871e-02
1.000000000000000000e+00 6.851621800178256394e-02 -1.457413922327814235e-02
7.943299999999999805e-01 7.155062289751377980e-02 -5.175727740394489400e-03
6.309599999999999653e-01 7.062420566874694217e-02 4.518479719800509720e-03
5.011900000000000244e-01 6.877264649269430874e-02 1.426112711102328102e-02
3.981100000000000194e-01 6.392029483718425498e-02 2.302014841891980579e-02
3.162300000000000111e-01 5.807159922181009959e-02 3.011700043920496894e-02
2.511900000000000244e-01 5.068722347944713130e-02 3.466660351350597802e-02
1.995300000000000129e-01 4.459927788286097844e-02 3.932719918076287707e-02
1.584899999999999920e-01 3.641954323558373174e-02 4.276231786638969024e-02
1.258900000000000019e-01 2.884238298066832407e-02 4.638562515179247420e-02
1.000000000000000056e-01 2.244423149827385819e-02 4.982659201323927367e-02
7.943300000000000360e-02 1.370601774288063984e-02 5.308624500098372417e-02
6.309599999999999931e-02 8.118748008602381244e-03 5.514016223150578627e-02
5.011899999999999689e-02 2.166241276580305707e-03 5.914736050648240068e-02
3.981099999999999917e-02 -5.724422830554798391e-03 6.085455639330438621e-02
3.162299999999999833e-02 -1.243100938345999273e-02 6.503001427192220407e-02
2.511899999999999897e-02 -1.894536829473648931e-02 7.098382758778518098e-02
1.995299999999999851e-02 -2.763505586216618085e-02 7.462246258089365314e-02
1.584899999999999851e-02 -3.165396883733657962e-02 8.171506423714557099e-02
1.258899999999999950e-02 -4.062839239577410722e-02 8.684095033331107327e-02
1.000000000000000021e-02 -4.732489250905318884e-02 9.500647017389352023e-02
