-1.426260961727637898e-04
3.089823331130387167e-05
-2.783786206830422114e-05
4.549325224309301688e-05
-4.718198772298737873e-05
1.954893294321034274e-05
9.989743639445888151e-06
2.595025068552128536e-05
-5.093669191784317210e-05
5.759986169086808879e-05
-1.736496822137341845e-04
-1.367724362469095014e-05
-1.192954316231143271e-04
1.513990357459929882e-06
-4.953812148476599867e-05
3.802954115874322851e-05
-2.299959698206121533e-05
1.599689090071827009e-05
-5.908014729342573050e-05
2.833249052122020233e-05
-2.061846473352653506e-05
6.302050604264136028e-05
-6.004557337903907105e-05
1.368000410586781433e-05
-4.562408783165949601e-05
-3.794116386212848960e-06
-4.067861986597029911e-05
5.416193221763864257e-06
-1.219193592269135652e-05
2.764615942478404237e-05
-1.335706364935939115e-05
1.129544449950035258e-05
-1.757793762672767138e-05
5.672204466287380899e-06
-3.992258613457768356e-05
1.081584204416387155e-05
-3.893396407969347274e-05
2.559010596154654793e-05
-4.140098412042879486e-05
7.489427729365531911e-08
-4.320109006376616638e-05
2.000760222451870361e-06
-2.397663624416811475e-05
1.635533968951734507e-06
-3.362284256127153663e-05
-3.539903206599623693e-06
-3.506422092647057376e-05
2.735919339565122053e-06
-3.376448819401204162e-05
2.130227453895849477e-06
-3.905499576801991580e-05
-9.620417251403661852e-07
-3.472416720730442076e-05
1.015979203103561785e-05
-2.728056976776209108e-05
6.174258512809594272e-07
-2.341786790554697048e-05
1.287243898382779413e-06
-1.309362058728812643e-05
3.347724373755467359e-06
-3.755393581403976928e-05
-2.450938617700910779e-06
-3.083946289429932827e-05
6.242812745166796603e-06
-1.958670306528027179e-05
-1.698017651896587359e-05
1.168681636307169607e-05
2.005061593208037635e-06
-9.982548569622663270e-06
-1.069059927354803962e-05
8.045472284286509879e-06
-9.111436776481508708e-06
1.004131221814250817e-05
9.746258630121585898e-08
-1.134493379739553315e-05
-2.297714324661957004e-05
-7.157717825440160523e-06
-2.496839372994015671e-05
-9.733669519684731849e-06
-1.483049259233809484e-05
-1.056290361780375635e-05
-2.183625704753657524e-05
-1.675194543282810782e-05
-2.703644574757104935e-05
-2.014262019099617918e-05
-1.782305810143231802e-05
-2.599846123233061238e-05
-2.283417953788311109e-05
-2.399907338996641487e-05
-1.713957547982478718e-05
-3.218025303898302338e-05
-1.340539655197190286e-05
-2.758991893933694048e-05
-9.546607472306111990e-06
-3.134459392648052340e-05
-9.518306818505622714e-06
-3.085262734632805915e-05
-7.109281476662218820e-06
-3.900736023116409962e-05
-1.401805273210559721e-06
-3.856626643034694464e-05
-3.111839874942734135e-06
-3.774819642021693598e-05
-5.857738746206075485e-07
-3.862533403516858163e-05
-3.694974743963946104e-06
-3.378958586182270307e-05
-8.075625210128558419e-06
-3.669858914285617014e-05
-7.977045251960437910e-06
-3.760663874584623282e-05
-1.101215505469786368e-05
-4.461920350380360574e-05
-1.311480130401685835e-05
-4.331955816044248333e-05
-1.760494022321194257e-05
-5.437615626067695353e-05
-2.846977987438997247e-05
-6.051150322812227618e-05
-2.291046763355534537e-05
-5.427799714891906087e-05
-2.264297627841109432e-05
-6.335441328413041911e-05
-1.279909928207512730e-05
-8.517519078624705413e-05
-2.841355840785019296e-05
-8.109195674101879329e-05
-4.576842638461311590e-05
