4.105409348696636984e-02
-2.715965757656126078e-02
3.877477046130813065e-02
-2.406025185918693812e-02
3.673939567110454107e-02
-2.118687664930900272e-02
3.497623010505151314e-02
-1.851632268166016754e-02
3.330785164259742609e-02
-1.604882275001295183e-02
3.180333399225359486e-02
-1.389692975853508081e-02
3.048095652016650017e-02
-1.189368506026775366e-02
2.943177765548302127e-02
-1.023657574558450682e-02
2.858647322139718991e-02
-8.750068701408703423e-03
2.785093146301803949e-02
-7.513007896290680061e-03
2.733926958824005674e-02
-6.432410144854937457e-03
2.690799862646351195e-02
-5.544862593248225946e-03
2.651778008545858586e-02
-4.732333965756959672e-03
2.610367319245914669e-02
-4.172015986734706368e-03
2.570719130870124242e-02
-3.626848939835737671e-03
2.542041447744847540e-02
-3.142887316393146516e-03
2.515585206401379711e-02
-2.753349362761896464e-03
2.491982793732371720e-02
-2.432212517990335089e-03
2.474459516055100769e-02
-2.142847956381789543e-03
2.456601317041164426e-02
-1.910186551504792704e-03
2.435038108596647780e-02
-1.690610720428243480e-03
2.419641283684604433e-02
-1.532648834804454900e-03
2.404398513482745511e-02
-1.384911742756811739e-03
2.390377819715742980e-02
-1.257106999937598023e-03
2.377775268655828861e-02
-1.223810734074225757e-03
2.364687361962398635e-02
-1.164102738514357933e-03
2.352175739792488132e-02
-1.114825837729156504e-03
2.339438363687010303e-02
-1.085634614593845686e-03
2.327045432176437847e-02
-1.071331357858457296e-03
2.314674734647572882e-02
-1.075486348964426212e-03
2.302286755272853203e-02
-1.088183619208431220e-03
2.289821612394290357e-02
-1.125875990503054066e-03
2.277124893264047267e-02
-1.173351865516854145e-03
2.262853074674349776e-02
-1.244832949494625472e-03
2.248100830786243370e-02
-1.333049926306968409e-03
2.231405550110883776e-02
-1.448268051960997956e-03
2.213210673036054149e-02
-1.571761933803363489e-03
2.173044760454928906e-02
-1.757692603847779006e-03
2.148339961238968435e-02
-1.904705074916777886e-03
2.119227432872337544e-02
-2.051987752373707948e-03
2.087147892382354777e-02
-2.194565596127419881e-03
2.050909159313066971e-02
-2.335924407366522099e-03
2.011379499793803857e-02
-2.449828982514250762e-03
1.969910210523997604e-02
-2.547481540261391491e-03
1.925482918541019176e-02
-2.617590362945097088e-03
1.879311591481118773e-02
-2.660465444443897362e-03
1.831481588606100053e-02
-2.665316595198678144e-03
1.782703016520487821e-02
-2.624570412380659683e-03
1.732788734620893667e-02
-2.540633465300774513e-03
1.684177352071237338e-02
-2.399271481159016405e-03
1.637383730026138740e-02
-2.203267259407667295e-03
1.593072386001706184e-02
-1.950203731691741663e-03
1.551710606019997794e-02
-1.635275224914653578e-03
1.514316746263363531e-02
-1.257173815204886335e-03
1.480891862446995222e-02
-8.150924103063593180e-04
1.451808969056198918e-02
-2.965580115930047025e-04
1.427299278034520683e-02
3.044924526302214551e-04
1.407685985820400672e-02
1.010521001047495109e-03
1.393430835972480492e-02
1.839071082394540257e-03
1.385041968976336024e-02
2.816765451734756960e-03
1.384178196172869066e-02
3.983041868497858365e-03
1.391688452879775995e-02
5.379370931772158200e-03
1.412081451147103629e-02
7.038814234769858943e-03
1.447336922417496140e-02
9.021817704795454321e-03
