3.852231639908487021e-02
-1.621263393066688790e-02
3.684126558278066899e-02
-1.445680441494186057e-02
3.545522719611338136e-02
-1.293581440266761313e-02
3.401147080064556572e-02
-1.147565658604117120e-02
3.285199020194443098e-02
-1.013128791856499587e-02
3.175587481768837178e-02
-8.929305406448201712e-03
3.082703999269122142e-02
-7.788662447984364898e-03
3.012337213632011734e-02
-6.807919698488579426e-03
2.937939649101741976e-02
-5.882430717918176420e-03
2.874765608358806346e-02
-5.136559343446219124e-03
2.831803313812118403e-02
-4.426599130929019174e-03
2.794126826458848134e-02
-3.889787662329799965e-03
2.754841685977834492e-02
-3.388007413372078926e-03
2.730646002801703776e-02
-2.936558004256836340e-03
2.710643673910759222e-02
-2.623728870362126639e-03
2.697815514920688662e-02
-2.325486334367791140e-03
2.678945009825589932e-02
-2.088428304223807850e-03
2.659807810559751060e-02
-1.850195888540353498e-03
2.637498133485446233e-02
-1.657951018953652406e-03
2.615987911119718734e-02
-1.519644164680152227e-03
2.598277472038742000e-02
-1.375293209609221778e-03
2.579443454771437882e-02
-1.291711625969298605e-03
2.563053669067193174e-02
-1.204225143957385032e-03
2.546193861166223468e-02
-1.145192745408226418e-03
2.532741800704836621e-02
-1.180643806636317086e-03
2.519646008561245848e-02
-1.171595788252944356e-03
2.505693642248589190e-02
-1.181206678110697334e-03
2.491736527045484290e-02
-1.208332806416096989e-03
2.477209408663169285e-02
-1.251126142215215056e-03
2.462594832521974170e-02
-1.313514261469287195e-03
2.446902435302460502e-02
-1.394202373360029727e-03
2.425022172492993094e-02
-1.495270715526797250e-03
2.405373400132623102e-02
-1.622807835815291960e-03
2.384762450209369430e-02
-1.756761631135469971e-03
2.359745789382399275e-02
-1.906271999643882175e-03
2.331515484894903026e-02
-2.070533166381238049e-03
2.298698286116698797e-02
-2.232570269399631203e-03
2.252074941084890661e-02
-2.427776194375452345e-03
2.212625515143546578e-02
-2.550453587281874008e-03
2.169928583366301234e-02
-2.654593390677073388e-03
2.126551781135063712e-02
-2.738907316601291251e-03
2.082587820767146936e-02
-2.803939492382815594e-03
2.036405643068359486e-02
-2.847925635142673547e-03
1.990285025830013446e-02
-2.880679008066313381e-03
1.942721134024064100e-02
-2.895445448799826692e-03
1.894291538619986490e-02
-2.889850104423443214e-03
1.844696495100162786e-02
-2.851886033410587322e-03
1.794693364388188356e-02
-2.783745171957840124e-03
1.744267730382795603e-02
-2.670581136900373846e-03
1.694828884922065099e-02
-2.506920020641964422e-03
1.647631761500035694e-02
-2.292506572316209759e-03
1.602579929704378570e-02
-2.023834819139752952e-03
1.560845887488488716e-02
-1.698552910619646836e-03
1.523133714691174076e-02
-1.313127022870546907e-03
1.489359522095081052e-02
-8.602067833610490665e-04
1.459941991165067052e-02
-3.343468694791690158e-04
1.435348056034828519e-02
2.746958495798105127e-04
1.415521380970665051e-02
9.861386949263739425e-04
1.400995390843821041e-02
1.820481478481403032e-03
1.392475140911722704e-02
2.803711201775961788e-03
1.391120072939690255e-02
3.970975209830954547e-03
1.399183513053056313e-02
5.368201719125811379e-03
1.419006804534851500e-02
7.038086166105773055e-03
1.454559548247566676e-02
9.021888062056983293e-03
