4.659105243643790750e-02
-1.934769533504494127e-02
4.537134449986580248e-02
-1.748778423663432946e-02
4.353272556255896597e-02
-1.563193724423971032e-02
4.204697024675380090e-02
-1.403125777508251737e-02
4.028349606798722893e-02
-1.229544752253115651e-02
3.968321343847309307e-02
-1.095060952678057753e-02
3.830631629197805282e-02
-9.538351657905537809e-03
3.748239895245489284e-02
-8.417451532380888779e-03
3.651645101795082671e-02
-7.323771600817868301e-03
3.643613561315924704e-02
-6.420558545595186906e-03
3.557434753165816116e-02
-5.579798794904742253e-03
3.462186289199545991e-02
-4.886837339591318385e-03
3.407933541463913085e-02
-4.295018835222208509e-03
3.373301415843314027e-02
-3.842857625861618043e-03
3.340507230577167280e-02
-3.506723212158187504e-03
3.308259835427725809e-02
-3.145927971551879063e-03
3.284619513620729708e-02
-2.857449902475733654e-03
3.257914454895876472e-02
-2.694018347632430935e-03
3.231894167000372992e-02
-2.524234654840054343e-03
3.204967845951465361e-02
-2.373875044025539408e-03
3.184012892757440150e-02
-2.290383833981635489e-03
3.160878248414433767e-02
-2.265601698457822295e-03
3.136841034807746204e-02
-2.246630741566854692e-03
3.110587959984966594e-02
-2.274978015205756342e-03
3.084550885806030054e-02
-2.426230088904611244e-03
3.055808061129078670e-02
-2.538457956098694613e-03
3.026087273691583854e-02
-2.693753386320665681e-03
2.992940441628585968e-02
-2.889902060898155624e-03
2.954507360751056425e-02
-3.116902422982517021e-03
2.909850522833366121e-02
-3.361322282778372254e-03
2.858203765322020126e-02
-3.619323472430139958e-03
2.795425771964365688e-02
-3.861898657442055117e-03
2.729071687861854209e-02
-4.068095275116747830e-03
2.656729056822533519e-02
-4.205445926879512741e-03
2.580970930294667134e-02
-4.279904426152533574e-03
2.506793836976994871e-02
-4.257302018538844206e-03
2.434543859698820589e-02
-4.185072984119359539e-03
2.356037825375424666e-02
-4.105403421875915802e-03
2.294482071044331994e-02
-3.956407370328625731e-03
2.238793610471056378e-02
-3.815244420973452465e-03
2.186084384842413089e-02
-3.693326765311460286e-03
2.135194002534695004e-02
-3.587056610742046705e-03
2.086278372746660711e-02
-3.514624055801780778e-03
2.035779915671625043e-02
-3.452975859562756097e-03
1.984592597152795915e-02
-3.393530782358412067e-03
1.932138426009247234e-02
-3.324440091343651080e-03
1.879079771625097664e-02
-3.241057651356757038e-03
1.825422710230599141e-02
-3.120527227775519476e-03
1.771766417033647512e-02
-2.964747870319432623e-03
1.719372341362534334e-02
-2.762934394925367892e-03
1.669799809516693198e-02
-2.516200077477880135e-03
1.622614278812639643e-02
-2.219807907748149508e-03
1.579159809175102042e-02
-1.870440535195483757e-03
1.539876000112370448e-02
-1.461680839950517700e-03
1.504891215351560584e-02
-9.951324406646411963e-04
1.474196520912585302e-02
-4.545598820552242667e-04
1.448571573895661088e-02
1.666955670367095677e-04
1.427703562389050565e-02
8.884265507957054804e-04
1.412343515420609076e-02
1.731539024431379701e-03
1.403045607741099793e-02
2.725791060510844143e-03
1.400602725569272122e-02
3.900703180458323788e-03
1.408091862295423637e-02
5.304998378980685381e-03
1.427690621086871378e-02
6.975348486496226255e-03
1.462848652347521934e-02
8.965291614079750823e-03
