-9.636233446312935953e-04
-8.946092394867905190e-04
-6.021847017103963522e-04
-5.912275728370444509e-04
-3.013504399923854957e-04
-4.420848597941633607e-04
-1.872547638098185415e-04
-2.426827948430473425e-04
-4.520721914293144482e-05
-1.462392478960568927e-04
-4.246229444275402700e-05
-1.712342366203110802e-04
-2.514737731722044856e-05
-4.287366561949128155e-05
-2.323771957770612103e-05
-8.080710570914899512e-05
2.977135943738396027e-05
-3.086159558895379461e-05
-2.848224458203436324e-05
-3.960820856439544732e-05
2.146239755415801562e-05
-2.294107744687910941e-05
-4.424412174334265980e-05
-5.046608572799770479e-06
-1.369980843927813292e-06
-4.377175271610675996e-06
9.079090149348366628e-06
-2.915996339525364465e-05
1.227129734604336813e-05
1.484642044739621323e-05
-3.468789127249911761e-05
-1.770859494993132495e-05
-2.264265116933184916e-05
-2.126590574432359840e-05
-2.691273567494834431e-06
-3.309230929698766052e-06
-1.973380748891034433e-05
-2.037530827964257745e-05
-3.354138578489937673e-05
1.327036715511488774e-05
-1.616308032595637048e-05
-3.172576103226656431e-07
-2.799532297475980293e-05
-8.172373131304851325e-06
-2.106683752524025254e-05
-1.240235949856313151e-05
-3.214463405102783652e-05
1.856263944548570287e-06
-1.109572675732448804e-05
8.991990923463524009e-07
-1.229785726392080793e-05
6.741828161494781126e-06
-1.725903752575866614e-05
3.592854900178513281e-06
-1.713960734389969662e-05
-9.739011921222538208e-06
-2.586996241165364239e-05
4.002054928487090275e-07
-9.636140854355611663e-06
-3.940346090324927239e-06
-3.169773278245668067e-05
-8.418441309125242688e-06
-2.297758291829859193e-05
-5.352900073608589549e-06
-2.324814488713997993e-05
1.284357149512464914e-06
5.179409663426559781e-06
1.072652858431067734e-05
-7.895546916178223758e-06
1.502731563924288392e-05
5.687469606579691813e-06
-7.892638555820008604e-07
-5.662906816606059460e-06
3.452373369499465294e-06
-2.530863430984326966e-05
-2.360918981504630396e-05
-1.013463902730150787e-05
-1.317598273117275138e-05
-8.222175666253594311e-06
-1.487341029843014923e-05
-2.107188548927894573e-05
-2.037265846162868794e-05
-2.181128334639426526e-05
-1.604367399345219724e-05
-1.588987973168057950e-05
-1.781146955835749402e-05
-2.914140836453730566e-05
-1.100613353076498154e-05
-2.944650859274887441e-05
-1.338993361529528583e-05
-2.853574681261923974e-05
-1.065900273261578373e-05
-3.346976563588254829e-05
-1.306591023058489295e-05
-3.491769116836623122e-05
-8.566450360897963752e-06
-3.386402639590096759e-05
-9.109965194040308363e-06
-3.858283782270627673e-05
-1.159106784118601436e-06
-3.933205934441177216e-05
-3.778071712303169362e-06
-3.716833297245337536e-05
-1.666251947118831208e-06
-3.576104454646180736e-05
-1.138398266124744487e-05
-3.451176625314884480e-05
-4.387393198849877934e-06
-4.088504458827771018e-05
-8.124439634987979308e-06
-4.258079899188481576e-05
-9.697606077397940351e-06
-4.084179480042601248e-05
-1.434665588689568786e-05
-4.544695996997258477e-05
-1.281563109348764765e-05
-5.257170451693214029e-05
-1.768984511690510996e-05
-7.150268760430702336e-05
-1.954086994993832247e-05
-6.112648585230566359e-05
-1.669091257548932514e-05
-7.113475508874957001e-05
-2.344277660380832373e-05
-8.175814490921551238e-05
-2.465758941030441216e-05
-7.477303687815426824e-05
-2.128298009115739913e-05
