-9.255657289494065255e-04
4.936727443600187311e-04
-6.703757319676980058e-04
5.030773572290968840e-04
-4.392316793162886557e-04
4.750810327265935981e-04
-3.919305860269762100e-04
4.308090003308148990e-04
-3.154709111326386701e-04
3.453250228414608239e-04
-2.425591457310964541e-04
3.283507430957387902e-04
-2.153532056045356175e-04
2.867443455060170437e-04
-2.164626909120992903e-04
2.125726353288747523e-04
-2.473641590029231584e-04
2.067676052465422369e-04
-2.091673074028174597e-04
2.085662875408692159e-04
-2.466253899856465231e-04
1.838789934867297090e-04
-1.944676207076336547e-04
1.726141687256248865e-04
-1.842625083360009837e-04
1.628075516275109239e-04
-1.726230477558159614e-04
8.396435949581438111e-05
-1.409443405842805024e-04
8.971922229289707460e-05
-1.765779624033876421e-04
1.093576258639607717e-04
-1.206389738573756474e-04
8.376324379752957258e-05
-1.313888711050477647e-04
1.065559676632198832e-04
-1.462708167147215891e-04
5.850447394390864903e-05
-1.124350259459321467e-04
9.004699600433107871e-05
-1.212630611510103835e-04
7.378471875255025844e-05
-1.154582665011285838e-04
6.646358015209031243e-05
-8.903516606089729611e-05
7.719769017399308363e-05
-9.068160864116651357e-05
6.198508820139301775e-05
-7.238731330235088338e-05
7.151042490406737332e-05
-5.130028896308756184e-05
6.034112639407104199e-05
-4.687750550179314645e-05
6.790088417042991562e-05
-2.981594348862214448e-05
5.327419586416578639e-05
-2.367060312344231764e-05
5.218045728061747730e-05
-1.499210264761915903e-05
4.837483778291888653e-05
-7.481236547795157429e-06
4.173266368756953514e-05
-6.753922926071350015e-06
3.345038741599524649e-05
2.239376171280584070e-06
2.886566242975082569e-05
3.059432676212805590e-05
1.880557528916750376e-05
1.952556772258554996e-05
-1.564682366341715126e-06
2.279308402056886011e-05
-1.070801546335709097e-05
1.945606959851702467e-05
-1.674582405499287259e-05
-1.560835045527906505e-05
-1.458823578238122404e-05
-2.060918339474008369e-05
-1.746337818533009331e-05
-2.215952468331913665e-05
-2.492932519430260594e-05
-1.500826007556483975e-05
-1.806490959442357355e-05
-1.541013131872062382e-05
-1.328330433705110944e-05
-2.292866001597424868e-05
-1.452086656303033236e-05
-2.646048202243730572e-05
-1.777948697592901691e-05
-3.091452131653468197e-05
-1.375175558035550439e-05
-3.058940904948176083e-05
-1.092156697615958040e-05
-3.556233717833988465e-05
-1.467198234773305270e-05
-3.678050557741422691e-05
-7.240511475365624927e-06
-4.273908703277981243e-05
-6.677504191868674296e-06
-4.183991217040183808e-05
-2.587056826605671816e-06
-3.578391948139749432e-05
-2.181458905436394020e-07
-3.714843041883717260e-05
-6.293410309689550657e-06
-2.784245579401831727e-05
-2.440821388598518213e-06
-3.410441235695025946e-05
-1.098478841172716322e-05
-3.653266944523221501e-05
-9.287582740602770974e-06
-3.779604459662415898e-05
-1.490297980253549473e-05
-4.131805439847930543e-05
-1.546573812444879513e-05
-4.068769831082889892e-05
-1.684560945751109208e-05
-5.388015976038419480e-05
-1.925750813240878162e-05
-6.813834071330049944e-05
-1.525700062926088302e-05
-7.039092026957427170e-05
-2.049344424276437898e-05
-6.451273680338166165e-05
-1.680894872397462061e-05
-9.772351582546347833e-05
-2.401790105799654439e-05
-8.982829500169614773e-05
-1.907434000420509920e-05
