-4.558484978341332226e-03
-1.810076123610606866e-04
-6.072665415914085818e-03
1.009482609554416838e-03
-6.190476235824960566e-03
1.278716414064378054e-04
-4.844027612140909024e-03
-7.237574877135091213e-04
-6.485153782129791065e-03
4.459297855714784383e-04
-5.793885416283580010e-03
6.526915658591840022e-05
-7.025710349243506625e-03
7.026672989252696552e-04
-7.221252544644937710e-03
-3.105556514401627832e-04
-6.891488820022045360e-03
6.169860044923254887e-04
-7.096004335529033751e-03
1.943190454505407940e-03
-6.404834157372378024e-03
1.536988518110157190e-03
-6.643141484698550370e-03
2.094107274738343186e-03
-6.422130126640480073e-03
2.854718573399473748e-03
-5.709307801415776894e-03
3.510411148052308434e-03
-5.073943248197864200e-03
3.907304020973868808e-03
-3.903886285034740243e-03
4.119795262457863483e-03
-2.991079755085255826e-03
3.833313041194858807e-03
-1.853919351828918743e-03
3.664756511329165557e-03
-1.011464726545320764e-03
3.574923709697892717e-03
-2.911993558352037113e-04
3.042483022235563123e-03
2.159325258794593419e-04
2.651573120000647824e-03
5.978860591542525154e-04
1.760601388775207650e-03
7.027155031905211752e-04
1.133018204638361771e-03
7.087545370721816743e-04
6.384812859866857097e-04
5.046562879605900800e-04
2.816995122873829256e-04
4.149912215746303593e-04
-8.262153807890465517e-05
9.459377441862800026e-05
-2.021840146211435979e-04
1.567198665016476572e-04
6.005725807978493037e-05
-1.176383194819827129e-04
-1.800786082543103829e-04
-5.061256104966299846e-04
-8.365347322650048146e-04
-1.160384930352465025e-04
-2.149925970594744021e-04
-3.455693921405940286e-05
-3.962417074138984319e-05
-1.335988693748181382e-04
4.935861097971045277e-04
8.337679930035001073e-05
-1.209030820148575020e-04
-1.608567556441425472e-04
1.912175244560580995e-04
-5.113941032365343147e-05
4.192896809437190851e-05
6.515781227906132771e-05
-1.144966312413074307e-04
-1.441800121251261038e-05
-1.124358993475096485e-04
6.185870800169358450e-05
-2.188205493452112429e-04
6.898966345312591971e-05
-2.562392715330783139e-04
8.804971953840259847e-05
-1.575560757197305283e-04
7.790889837506864539e-05
-9.131159841953815932e-05
4.061790312849316784e-06
-3.513433233340135893e-04
-2.175846888921588354e-05
-2.135112904953297998e-04
-3.591077243797153663e-05
-2.866287482407611060e-04
-1.540277647650638250e-04
-2.156417391779255242e-04
-1.121542719342914882e-04
-1.468310751282915722e-04
-5.821848892881565090e-05
-1.983496155364162790e-04
-5.770494982771452903e-05
-1.028526035210741506e-04
-1.296368856346215509e-04
-6.382884259445339688e-05
-4.621839706394216107e-05
-4.419204949870342140e-05
1.478231860170910373e-05
-6.101083463886555590e-05
-2.031334130860794636e-05
-7.309421454845005275e-05
-1.394770116936501508e-05
-3.204205226574309372e-05
1.229125474709055559e-04
-1.503452922019508659e-04
8.742867392977562307e-05
-9.041164889375700390e-05
4.767217260825128719e-05
-8.538333751873770927e-05
6.605929955448118106e-05
-1.142424500865106183e-04
-2.237896272304594131e-05
-1.767589541960289980e-04
-2.530357598496156611e-04
-1.773684311257111537e-04
-2.123257133385311182e-04
-4.821589025244080195e-05
-4.948588248092187928e-04
-3.502727470610817210e-04
-3.636977180043585080e-04
-2.894098845821892565e-04
-1.158505035039813168e-05
-4.570753707757956290e-04
