-1.301659363203212273e-02
7.110882183085176153e-03
-1.158344071295335821e-02
6.367776465521178368e-03
-1.347267953555660903e-02
6.384650495746825929e-03
-1.332778578767626274e-02
4.505072340983052280e-03
-1.178688819743558581e-02
4.947561272655964272e-03
-1.275062046152150574e-02
5.810464664065652721e-03
-1.245671724459748025e-02
3.891451847773509578e-03
-1.259335996555317402e-02
5.169759734023476883e-03
-1.314001311893626435e-02
5.374342189692070913e-03
-1.157227265684003352e-02
5.580382632583543757e-03
-1.174100366702913144e-02
6.399047098075384341e-03
-9.936950216837325822e-03
7.295747666411210933e-03
-9.585846360450218581e-03
8.067377838612933144e-03
-7.971840846505260855e-03
8.787663800550063117e-03
-6.281413316343998320e-03
8.271710079697777718e-03
-4.283474823829548639e-03
8.631372006766398208e-03
-2.196075096897410692e-03
8.515240209690515261e-03
-1.361549293094192780e-04
7.518346172302214567e-03
1.176719185145506897e-03
5.930059938515057014e-03
1.876238594591811458e-03
3.960698294563121634e-03
2.243895089516465945e-03
2.757924586388735451e-03
1.959176196457122245e-03
1.126683183546812583e-03
1.500043059181025264e-03
3.812491042782754219e-04
9.005384575351484296e-04
-7.892408294070458910e-05
5.422562732406237783e-04
-4.272119396528106252e-04
3.028873955783042732e-04
-2.538607834192822040e-04
-5.256248960958936488e-07
-2.850704077027396309e-04
3.199481976995635006e-05
-2.084757480161556203e-04
-1.361493719700457891e-04
-2.373550498154808894e-04
-9.202096970277354009e-04
2.815412055936053525e-04
-2.872100880540344784e-04
6.407641489084391745e-05
-5.352003492615034654e-05
-3.407330118665545380e-05
-2.934825283842623081e-04
4.280924413745770579e-04
-5.559393484539936235e-05
1.881761916766882972e-04
1.942370910066790169e-04
9.633856576416674207e-05
-5.634358801822105520e-05
8.091471370087326706e-05
2.870375072858910245e-05
1.723913287075808586e-05
1.234123592914039644e-04
-1.324981002827345540e-04
-2.394178243601674782e-05
-2.897077788960075837e-04
1.553326412331255675e-04
-2.928700787535113955e-04
1.628840672175090867e-04
-1.609556384521107660e-04
-2.003514543039681427e-05
-2.656755242206520692e-04
2.352922266785695607e-05
-2.303294184382821349e-04
-1.305660475038476808e-04
-2.926257059096120392e-04
-7.242003253252287363e-05
-2.681566039619539881e-04
-6.984600447420486933e-05
-1.125407130123102080e-04
-8.450515280785568864e-05
-1.788872203851964984e-04
3.628844303394750234e-05
-1.597036751312034641e-04
-4.749539606718874220e-05
-1.009562816102926484e-04
-1.033279342652016419e-04
-4.709058608458552438e-05
-1.179930583223367673e-05
-4.645509453440898224e-05
-2.588146452396212740e-05
-2.470816380916544537e-05
8.749721417163629667e-05
2.932739057614364779e-05
5.970730808266642303e-05
-2.831087841606541627e-05
4.193876252356916587e-05
-8.698026904949210110e-05
-1.576978690628758878e-05
-5.495180926124004750e-05
-3.233940465173098752e-04
-1.950971024425176908e-04
-2.685223715745061780e-04
-1.850224353361885302e-04
-2.852609827446128091e-04
-2.619103820650107778e-04
-4.647907874026748279e-04
-2.185203713248051207e-04
-5.986258636752805808e-04
-1.674791384564808998e-04
-5.026103589493595078e-04
-1.856965578337913718e-04
-2.872379654024071870e-04
-2.557280332463737413e-04
3.346826311647815096e-04
-1.273135221229326904e-04
