4.996120151680945309e-02
-2.831906236461520163e-02
4.757943244359595647e-02
-2.524791343178936845e-02
4.515180852228010272e-02
-2.239256559616037076e-02
4.304396283743218421e-02
-1.989057917871933992e-02
4.114409375362308718e-02
-1.756053205767095504e-02
3.935200249958969304e-02
-1.541860293470442497e-02
3.762975500194828959e-02
-1.343599870556727756e-02
3.657059492839621201e-02
-1.174877886598056642e-02
3.528288504263319553e-02
-1.020024715118822423e-02
3.458051961593104628e-02
-8.868904940446720869e-03
3.352493776200658748e-02
-7.647445345643152231e-03
3.274554075790396535e-02
-6.616457833713344089e-03
3.219904598313190480e-02
-5.739084795691788699e-03
3.174470259089072488e-02
-5.020078479514512165e-03
3.134569614592522258e-02
-4.394043404733490900e-03
3.096851941563448854e-02
-3.886028049262063317e-03
3.063147064192943761e-02
-3.462474740658549356e-03
3.032585346389686173e-02
-3.127547048657387200e-03
3.009117945203191452e-02
-2.879877626955650461e-03
2.983933374466100560e-02
-2.689414791445567717e-03
2.963468837933269651e-02
-2.592639354478099099e-03
2.941377896447145909e-02
-2.546395181599710872e-03
2.920790762497250254e-02
-2.569834879340958129e-03
2.897774805626707542e-02
-2.669546418456365117e-03
2.870526430576247207e-02
-2.904759531008355156e-03
2.839155401663167461e-02
-3.137149498920998366e-03
2.799734590195536096e-02
-3.425473837064089977e-03
2.751420330634495731e-02
-3.752037868523900969e-03
2.693122909393409065e-02
-4.091599166672484425e-03
2.623198471306353863e-02
-4.406097508285443561e-03
2.542731907376902939e-02
-4.665896164333153961e-03
2.453880500306691859e-02
-4.823855837010881768e-03
2.360510381001418995e-02
-4.859034978733769300e-03
2.272136383779448446e-02
-4.761554319403935032e-03
2.188351407577377589e-02
-4.555542523226207251e-03
2.110141186225527807e-02
-4.291923006605158700e-03
2.037030364077646941e-02
-3.973315345937577028e-03
1.979960008974713734e-02
-3.720164590733389051e-03
1.930323077359188608e-02
-3.454598442928607550e-03
1.886431167763403735e-02
-3.204125923022623553e-03
1.846888880252368914e-02
-2.992869685757430006e-03
1.808856201502969177e-02
-2.810886204954091746e-03
1.772316918448767209e-02
-2.651122868765908285e-03
1.736145002581170049e-02
-2.504056546153723972e-03
1.700925720999774127e-02
-2.359618136823739797e-03
1.666854886189755511e-02
-2.216196412335537380e-03
1.634297742983746235e-02
-2.062999638229022405e-03
1.602497706064669181e-02
-1.900532649504303121e-03
1.571365802462816250e-02
-1.726625552164529022e-03
1.542148685348044938e-02
-1.535223695939224708e-03
1.514093432134141701e-02
-1.321359893155199354e-03
1.487559143180896062e-02
-1.072822219655056915e-03
1.462538403085453242e-02
-7.840592416164526846e-04
1.439748163263373203e-02
-4.443113696619167136e-04
1.419482437346249182e-02
-4.814297348685506563e-05
1.402302116895086555e-02
4.212034468112376795e-04
1.388239110344791777e-02
9.788321953149142080e-04
1.378106085007521457e-02
1.631962041071941677e-03
1.372036604305955539e-02
2.417630241770135201e-03
1.370924652400837621e-02
3.354135616433580672e-03
1.376246427353378966e-02
4.481394691353396062e-03
1.389289198306645559e-02
5.840154802507484255e-03
1.411911105047071978e-02
7.472469177412415300e-03
1.450561152051141681e-02
9.439116444652524002e-03
