-1.487461921969870330e-04
5.386870385604325580e-04
-3.168300380042414916e-05
5.260373573600568347e-04
-4.356944512715390914e-05
3.904341669913048403e-04
-7.714402998430929816e-05
3.313566933500898971e-04
-2.970718461753782562e-05
3.367363428669194495e-04
-9.867166127447315853e-05
2.687887843982302363e-04
-7.722715606379565976e-05
1.623627132016588245e-04
-3.876689523739933641e-05
1.105150375634356196e-04
-6.450385463033504979e-05
1.631970649053979402e-04
-4.710987478345830993e-05
1.075473632013372160e-04
-6.629229697603555480e-05
5.385676136723209219e-05
-9.982257432830891756e-05
9.602671574231623692e-05
-3.593030478077554473e-05
5.992039035887704052e-05
-7.774415909709271144e-05
3.274105563522525139e-05
-5.995396457100103432e-05
3.633038379308084536e-05
-6.518054360988423520e-05
4.818378586233718259e-05
-6.135129572488426690e-05
2.600434335296780960e-05
-6.906801856399129682e-05
3.059262758435132308e-05
-5.383283365238250009e-05
4.021389786315622257e-05
-5.422678897743379259e-05
2.211130229536103077e-05
-4.448630406281617230e-05
3.030018805937072685e-05
-4.632232318347201020e-05
2.747686105367832214e-05
-4.568054763929701854e-05
2.448368578850854715e-05
-4.601322034379359360e-05
2.653970424795033882e-05
-3.355012782476723921e-05
2.857160304716215842e-05
-2.007605578965534132e-05
3.417733779834725198e-05
-2.829163302541895281e-05
2.235943772447103990e-05
-2.308619477908126005e-05
2.602841166380098078e-05
-2.527638710258041149e-05
3.411339166206313342e-06
-4.962049453272113886e-05
1.337015388017259557e-05
-1.352280954331255001e-06
6.846710246386837540e-06
-1.868865586096270533e-05
1.108795517985379366e-05
-4.852936933431373153e-05
-1.552455071394520642e-05
-1.059483641155601680e-05
-1.435644982440284187e-05
-1.084863804169501427e-05
1.731062294369270420e-06
-1.965520638610284627e-05
-9.694696665911690131e-06
-2.520605675489448754e-05
1.362927512040358966e-06
-2.212662496709611164e-05
-1.799040681613404879e-05
-3.218558591873479235e-05
-1.803169967174685082e-05
-2.584499395541307772e-05
-9.229428931571953188e-06
-2.615460070545103633e-05
-2.048280829773253329e-05
-2.666422072993252201e-05
-6.357436534100422608e-06
-2.527761004353572223e-05
-8.594224625250455454e-06
-3.240181096056142306e-05
-1.572033655062930979e-05
-3.480889053544409579e-05
-7.931822913413788745e-06
-3.282751648653364540e-05
-4.604479890313108508e-06
-3.565606680735159431e-05
-5.688100966777025803e-06
-3.846700012775855829e-05
-2.001607194650938123e-06
-3.561740470480179697e-05
-3.803340457980581435e-06
-3.833822988665394095e-05
-3.125710096353812206e-06
-3.334644047751482996e-05
-3.204276601950510835e-06
-3.723485463831621505e-05
-1.819394677724224777e-06
-3.294322397274342736e-05
-7.579383052016256837e-06
-4.355532855767768618e-05
-9.277316847605933395e-06
-3.702980114422608056e-05
-1.103265188435255777e-05
-3.568887422758149530e-05
-1.244729822905565224e-05
-4.396354223501508664e-05
-1.764602439398046772e-05
-4.538892399840825642e-05
-1.300723809604336711e-05
-5.585444289827230801e-05
-1.566624519013289169e-05
-7.335173908881236448e-05
-2.343514512886321011e-05
-6.750694425763268346e-05
-2.168104265122610893e-05
-8.885915128213113393e-05
-1.438927751945182845e-05
-1.023001975556250365e-04
-5.882200858979560277e-05
-1.122449466560359140e-04
-8.847846422167917951e-05
