3.162299999999999833e-03 -4.468048603686806779e-04 4.307793516710069345e-04
3.981099999999999570e-03 -3.532327454668769033e-04 3.592122265988856268e-04
5.011899999999999689e-03 -2.899233861667723693e-04 2.887641200689697969e-04
6.309600000000000278e-03 -2.525875317431056826e-04 2.206226187594971880e-04
7.943300000000000360e-03 -2.459207208375462864e-04 1.830512188520307831e-04
1.000000000000000021e-02 -2.278950243182849473e-04 1.531366321995330181e-04
1.258899999999999950e-02 -2.126453801627019855e-04 1.303357333713942164e-04
1.584899999999999851e-02 -2.094323508545996423e-04 1.122016434521933746e-04
1.995299999999999851e-02 -2.050586573819748249e-04 9.504661302437226978e-05
2.511899999999999897e-02 -1.919524283203053112e-04 7.865360175928303560e-05
3.162299999999999833e-02 -1.858328422786934930e-04 6.017369769547362796e-05
3.981099999999999917e-02 -1.800172812288581344e-04 5.878398790738105240e-05
5.011899999999999689e-02 -1.830796327117962586e-04 4.623706582359002543e-05
6.309599999999999931e-02 -1.798655263873530580e-04 4.387034786847221273e-05
7.943300000000000360e-02 -1.794285960853215416e-04 3.621575898862049278e-05
1.000000000000000056e-01 -1.792784417013111608e-04 3.232009746832743125e-05
1.258900000000000019e-01 -1.754478463663821600e-04 3.185372082369306045e-05
1.584899999999999920e-01 -1.761866544988895979e-04 3.470317564573573843e-05
1.995300000000000129e-01 -1.755295843663517009e-04 4.209725719433024592e-05
2.511900000000000244e-01 -1.741830853023722714e-04 5.135692027007572092e-05
3.162300000000000111e-01 -1.707163978407417516e-04 4.846133516676098579e-05
3.981100000000000194e-01 -1.576442424013739540e-04 6.155822618412525808e-05
5.011900000000000244e-01 -1.456432889326229050e-04 7.177206469382755531e-05
6.309599999999999653e-01 -1.386916227423266499e-04 9.009704569503956416e-05
7.943299999999999805e-01 -1.186937478235634196e-04 9.791907462273233232e-05
1.000000000000000000e+00 -9.915371681820061265e-05 1.065351487292467416e-04
1.258899999999999908e+00 -7.604166458910656531e-05 1.101777563095727617e-04
1.584899999999999975e+00 -4.919240334713033267e-05 9.964678862371982235e-05
1.995300000000000074e+00 -2.495291696776052613e-05 9.684013840719690530e-05
2.511899999999999800e+00 2.667504512563067414e-07 8.196912408732278808e-05
3.162300000000000111e+00 9.199030725293028403e-06 6.313591716438138649e-05
3.981100000000000083e+00 1.643912469665622235e-05 4.073494865882291744e-05
5.011899999999999800e+00 1.671652502909486008e-05 2.837582003578959671e-05
6.309599999999999653e+00 1.621148353306322339e-05 1.358847885581810218e-05
7.943299999999999805e+00 1.241918579728491697e-05 -1.269268684135145464e-08
