3.162299999999999833e-03 -4.167306242735742709e-04 4.107382902635034558e-04
3.981099999999999570e-03 -3.266644432063410953e-04 3.414528127602401960e-04
5.011899999999999689e-03 -2.792035838464641795e-04 2.818803734817967909e-04
6.309600000000000278e-03 -2.466905371117393466e-04 2.206632664226000845e-04
7.943300000000000360e-03 -2.358618969582675583e-04 1.799189692109196318e-04
1.000000000000000021e-02 -2.212844527276689702e-04 1.525977909832221203e-04
1.258899999999999950e-02 -2.056998457696045763e-04 1.314243331457393962e-04
1.584899999999999851e-02 -2.039871352285083333e-04 1.116320675350441713e-04
1.995299999999999851e-02 -2.003670558332320412e-04 9.424725908919356129e-05
2.511899999999999897e-02 -1.864399801886995698e-04 7.720212193888270787e-05
3.162299999999999833e-02 -1.834338111742442475e-04 6.480405798396279002e-05
3.981099999999999917e-02 -1.792949063823641638e-04 5.876889799329334244e-05
5.011899999999999689e-02 -1.789239321586922433e-04 4.966037346945820159e-05
6.309599999999999931e-02 -1.751735754169017199e-04 4.463639962739895982e-05
7.943300000000000360e-02 -1.751667255978205258e-04 3.936885650102635265e-05
1.000000000000000056e-01 -1.775565685094800442e-04 3.452604545445476966e-05
1.258900000000000019e-01 -1.731852823254955180e-04 3.459193817349085414e-05
1.584899999999999920e-01 -1.701692328692505380e-04 3.617180683083712970e-05
1.995300000000000129e-01 -1.711453282843600795e-04 4.420547951656243784e-05
2.511900000000000244e-01 -1.676928109600899267e-04 5.414636753771419103e-05
3.162300000000000111e-01 -1.656345219439960600e-04 5.050268253925711305e-05
3.981100000000000194e-01 -1.523450047033993648e-04 6.455169925072526036e-05
5.011900000000000244e-01 -1.421548011003562662e-04 7.038634762010322131e-05
6.309599999999999653e-01 -1.316500913560413586e-04 8.999551207194767856e-05
7.943299999999999805e-01 -1.119166699296354788e-04 9.466220080696726878e-05
1.000000000000000000e+00 -9.721280889498233103e-05 1.034109096303812596e-04
1.258899999999999908e+00 -7.624721712098272270e-05 1.081149597137074866e-04
1.584899999999999975e+00 -4.952436010040939327e-05 1.008324695049859278e-04
1.995300000000000074e+00 -2.648569557152942913e-05 9.459632585567082932e-05
2.511899999999999800e+00 -2.994997546301020590e-06 7.972159543771434385e-05
3.162300000000000111e+00 7.826269319542947397e-06 6.430127840083513387e-05
3.981100000000000083e+00 1.784703034074111648e-05 4.285000111351522286e-05
5.011899999999999800e+00 1.857432222046939761e-05 2.623443832505575925e-05
6.309599999999999653e+00 1.883042511528132325e-05 1.002084632816399423e-05
7.943299999999999805e+00 1.341421862201262782e-05 1.328338662673896354e-06
