3.162299999999999833e-03 -3.881408145535176612e-04 3.776121697789162836e-04
3.981099999999999570e-03 -2.843265682165259161e-04 3.100182289996863049e-04
5.011899999999999689e-03 -2.677254030166866623e-04 2.724674384194332227e-04
6.309600000000000278e-03 -2.414569911949860878e-04 2.176377932493442119e-04
7.943300000000000360e-03 -2.267970444813672561e-04 1.716057455866573764e-04
1.000000000000000021e-02 -2.153671894959445705e-04 1.426600687933787283e-04
1.258899999999999950e-02 -1.996446348926038644e-04 1.296066061457710734e-04
1.584899999999999851e-02 -1.990718444153045713e-04 1.054202058726286950e-04
1.995299999999999851e-02 -1.979780875900231463e-04 8.605254659747846964e-05
2.511899999999999897e-02 -1.817225290707029036e-04 6.985900156616918781e-05
3.162299999999999833e-02 -1.812210878008196934e-04 7.388775017813931361e-05
3.981099999999999917e-02 -1.800139501563184240e-04 5.637700885836008949e-05
5.011899999999999689e-02 -1.755842101444866693e-04 5.064000466186239087e-05
6.309599999999999931e-02 -1.729646909432892973e-04 4.191091564214363929e-05
7.943300000000000360e-02 -1.743362025530703510e-04 4.203357839204735990e-05
1.000000000000000056e-01 -1.751151927662403002e-04 3.030189514899223654e-05
1.258900000000000019e-01 -1.705385172011783957e-04 3.309860567718103755e-05
1.584899999999999920e-01 -1.658717493801048428e-04 3.743766732036312632e-05
1.995300000000000129e-01 -1.668442116174495061e-04 4.012831532671380896e-05
2.511900000000000244e-01 -1.592961961039574958e-04 5.816932760700243736e-05
3.162300000000000111e-01 -1.602977753587608389e-04 4.714540647248435025e-05
3.981100000000000194e-01 -1.429528420511345585e-04 7.263165443167596779e-05
5.011900000000000244e-01 -1.438987169539048786e-04 6.669113070519665470e-05
6.309599999999999653e-01 -1.199170753329370021e-04 9.231927294476490191e-05
7.943299999999999805e-01 -1.040406957135101576e-04 8.795567354271282190e-05
1.000000000000000000e+00 -9.319604156974143044e-05 9.467380494035238891e-05
1.258899999999999908e+00 -7.430684314017400090e-05 1.042086808749155736e-04
1.584899999999999975e+00 -4.484897872319935637e-05 9.946654701785806582e-05
1.995300000000000074e+00 -2.665906155756489606e-05 8.743353183359838855e-05
2.511899999999999800e+00 -6.939372184730743689e-06 7.095309443215455658e-05
3.162300000000000111e+00 4.499062442017247039e-06 6.164783837756341851e-05
3.981100000000000083e+00 2.189746160626670341e-05 4.412840922741084374e-05
5.011899999999999800e+00 1.945134663550254241e-05 2.347816104281292280e-05
6.309599999999999653e+00 2.172462283071571016e-05 3.059407837960315384e-06
7.943299999999999805e+00 1.578935218055783614e-05 -3.061501908692630247e-06
