3.162299999999999833e-03 -3.016749855580318175e-04 3.527817681851880770e-04
3.981099999999999570e-03 -2.752633230222048880e-04 2.952527230588055090e-04
5.011899999999999689e-03 -2.407493128259475547e-04 2.450197242351649153e-04
6.309600000000000278e-03 -2.224401128197678421e-04 2.115312613638463011e-04
7.943300000000000360e-03 -1.950175026983327420e-04 1.649499031438772393e-04
1.000000000000000021e-02 -1.944599629431147212e-04 1.601331634030601729e-04
1.258899999999999950e-02 -1.770810175982727951e-04 1.254985767508640375e-04
1.584899999999999851e-02 -1.821641171944403902e-04 1.076202488670509663e-04
1.995299999999999851e-02 -1.761236026752326979e-04 9.455075969554467975e-05
2.511899999999999897e-02 -1.635941146134497863e-04 7.054094531898064504e-05
3.162299999999999833e-02 -1.742407206691672854e-04 5.009830258608777813e-05
3.981099999999999917e-02 -1.727075388110738813e-04 4.694837617612747095e-05
5.011899999999999689e-02 -1.611675070178586976e-04 5.110857219140102367e-05
6.309599999999999931e-02 -1.503503303205643536e-04 3.913387703625415389e-05
7.943300000000000360e-02 -1.491227798522048802e-04 3.388618739741996994e-05
1.000000000000000056e-01 -1.736661961170191094e-04 4.336759642142911714e-05
1.258900000000000019e-01 -1.662312300291861030e-04 3.881591954394675829e-05
1.584899999999999920e-01 -1.425932484831518555e-04 2.340390702397684693e-05
1.995300000000000129e-01 -1.547137922060993391e-04 5.190994072123818545e-05
2.511900000000000244e-01 -1.492267495958711574e-04 4.210740628323776072e-05
3.162300000000000111e-01 -1.475524150393452984e-04 5.560026502052228136e-05
3.981100000000000194e-01 -1.449934596493057855e-04 4.168009661226591085e-05
5.011900000000000244e-01 -1.136030016794532512e-04 5.311014094981574794e-05
6.309599999999999653e-01 -1.194753351317988756e-04 6.333103165451747492e-05
7.943299999999999805e-01 -8.991122178960297311e-05 7.368459359367275847e-05
1.000000000000000000e+00 -9.656805141053720538e-05 8.946315310694462385e-05
1.258899999999999908e+00 -8.397915580131364000e-05 8.685705973717642648e-05
1.584899999999999975e+00 -6.637409972246264005e-05 9.408183289706060224e-05
1.995300000000000074e+00 -3.692563302860545586e-05 8.190994105596593208e-05
2.511899999999999800e+00 -1.388023854876287193e-05 7.185137882599326655e-05
3.162300000000000111e+00 7.985352748145701455e-06 6.129233667976557792e-05
3.981100000000000083e+00 1.474503420716099763e-05 3.447943537739959168e-05
5.011899999999999800e+00 2.811814655992021003e-05 9.549314678727493601e-07
6.309599999999999653e+00 2.749054201267958045e-05 -1.231681747846812763e-05
7.943299999999999805e+00 1.254939018279682998e-05 4.757763430809207959e-06
