6.323443802771333555e-02
-3.351949448225904210e-02
6.072029309942006403e-02
-3.020806109197620923e-02
5.792205419118220261e-02
-2.687978599187186568e-02
5.523781759002940189e-02
-2.383598372646947294e-02
5.287355143353008463e-02
-2.104454281706037364e-02
5.061333016113041261e-02
-1.850273251954935583e-02
4.880386379218807497e-02
-1.612761706332219158e-02
4.719121263333251465e-02
-1.411708305245767438e-02
4.592620159234512417e-02
-1.226025873349223180e-02
4.507586247149869552e-02
-1.073919190072172500e-02
4.435215916643215489e-02
-9.397136900067838347e-03
4.305950579327834371e-02
-8.188316593684080366e-03
4.240875837570932949e-02
-7.184145042546246328e-03
4.193587387344838852e-02
-6.414796395151556828e-03
4.163159890958896547e-02
-5.728336294727735811e-03
4.127120895641766402e-02
-5.270066339144154934e-03
4.084681638175251261e-02
-4.890680668788267502e-03
4.034142120605044290e-02
-4.613968586458978144e-03
3.982520799194866346e-02
-4.466982630968968464e-03
3.930034257724991653e-02
-4.428807621035363642e-03
3.876275309289545223e-02
-4.490044591470478824e-03
3.825128741768224483e-02
-4.661242789463797623e-03
3.766499672162471751e-02
-4.917548333580534607e-03
3.703604292381722229e-02
-5.286442855647865632e-03
3.629518076011611916e-02
-5.819170119672064170e-03
3.541389405005837543e-02
-6.302488174573852089e-03
3.438138984713344504e-02
-6.760986353957006145e-03
3.318413924465285492e-02
-7.165916072209228653e-03
3.186052633849240784e-02
-7.448407146786299032e-03
3.044648992416153915e-02
-7.547968203092889246e-03
2.901895981755763312e-02
-7.469106188760359435e-03
2.764706156974378742e-02
-7.205494406234204049e-03
2.638166910445963187e-02
-6.818122966449376501e-03
2.528793117701686258e-02
-6.305883944405384599e-03
2.433189053366342086e-02
-5.743710757760709176e-03
2.354115119524693642e-02
-5.195762829749224661e-03
2.272853101263269671e-02
-4.670768015113279173e-03
2.215222283982316506e-02
-4.284926985384357109e-03
2.167393177432990273e-02
-3.886176060156211910e-03
2.123651530300868159e-02
-3.574518282139530975e-03
2.083741929776347646e-02
-3.299948188668474971e-03
2.044616181027113927e-02
-3.077481583728854716e-03
2.006345943156413736e-02
-2.880105798072967512e-03
1.968789398313581032e-02
-2.707876081372853454e-03
1.932102985132683540e-02
-2.540444284643421022e-03
1.896554981162229189e-02
-2.375713839712530629e-03
1.862340855091941527e-02
-2.209685065486964237e-03
1.829163936642389313e-02
-2.034660613453223316e-03
1.796566540288029382e-02
-1.848579780590562825e-03
1.765706504961144299e-02
-1.646096914143013994e-03
1.736178580140285491e-02
-1.419840463284121040e-03
1.707911531483524703e-02
-1.161106803083614006e-03
1.681877261110887797e-02
-8.614018652632061653e-04
1.657535123028147650e-02
-5.049360698812376154e-04
1.636106040482973936e-02
-8.996719928414432274e-05
1.617878450719451022e-02
4.001360468369766178e-04
1.602874486375454460e-02
9.745245152729448048e-04
1.591968539019735299e-02
1.655710574662024037e-03
1.585625665364753106e-02
2.465623292955137266e-03
1.584345434213886572e-02
3.432186204163874439e-03
1.589545972211981600e-02
4.596275350988625677e-03
1.602944321302392575e-02
5.995936882713972550e-03
1.626479196194532614e-02
7.684629345206729634e-03
1.665600732486549260e-02
9.711946256691783227e-03
