-1.920998387108601435e-01
-1.680283401346147412e-02
-1.973915049735789073e-01
-6.253145023123345136e-03
-2.160278527689117045e-01
8.046757764336361432e-03
-2.240710640622670113e-01
2.498931406543504138e-02
-2.182161018841363986e-01
5.051255522123018760e-02
-2.198936693323437497e-01
7.959680498587425046e-02
-2.010881917225148530e-01
1.035322573193468293e-01
-1.715140776464179617e-01
1.283879657829535836e-01
-1.342322265623653310e-01
1.495924288399869129e-01
-9.656888372741573301e-02
1.506100314504098814e-01
-5.527323544305123848e-02
1.452494829122633890e-01
-1.712993206273308311e-02
1.284369181751994493e-01
5.380339420348372904e-03
1.060684422712364489e-01
2.325997197112336309e-02
7.631082907190146758e-02
2.864472369188816869e-02
5.471802892498289772e-02
2.804903271449795538e-02
3.176004818922188722e-02
2.370733859813986891e-02
1.477069613609155799e-02
1.591797040370675556e-02
5.685378170773825249e-03
1.404021971460483499e-02
1.712189231171456138e-03
8.378416099590528174e-03
-1.051569026838756289e-03
4.322416489947850451e-03
-1.213896692197617266e-03
1.676289147347473276e-03
-1.480486400592615328e-03
8.049555697804450412e-04
-1.494353485702189102e-03
4.709371332667222501e-04
-9.857166380599616164e-04
-2.222070772342136895e-04
-1.154076942046755681e-03
-2.403207571455070199e-04
-9.123292093981331908e-04
-1.523720266142258961e-05
-4.972080459315275300e-04
2.441780876217237929e-05
-6.566891143249967491e-04
2.382606651731930688e-04
-4.689330956170487748e-04
-2.035592140657102741e-04
-3.270551922699384360e-03
-9.811245591794554455e-04
3.804324303251124502e-04
-1.081582100605789609e-04
-1.914413691061122506e-04
-1.421135021005137970e-03
-2.346541328109916572e-03
-1.881678136916263284e-04
-5.675728377452038756e-05
1.639579956808452947e-03
2.510652660190360215e-03
-6.558720637128504774e-04
8.430002078606961026e-04
-2.937880407077260491e-04
4.038307313020128033e-04
-5.613011419620277977e-05
-5.514157879163678706e-04
9.415570612588952931e-04
-1.142577833795455728e-03
5.269603516916070802e-04
-9.146336454324748098e-04
2.979089503699359543e-04
-1.330355169932831557e-03
5.250814165219831872e-05
-1.223996651124306580e-03
4.756262066372041360e-04
-1.000949049357913699e-03
-5.250232069933897724e-04
-1.097450451795379785e-03
-3.542805953696387378e-04
-6.350619422772548362e-04
-6.865719983963107986e-04
-6.780866613545901778e-04
-5.372033966390185990e-04
-7.765804346327588419e-04
-5.119149360381213942e-04
-7.200926170762251633e-04
-5.014902056493081815e-04
-1.961493083273124207e-04
-5.178042441195130881e-04
-3.425421084146366849e-04
-4.861970106666536299e-05
5.386240967017544854e-05
-4.462092045883906451e-04
-1.559255556129458787e-04
-4.383143217875390299e-04
-1.635294793614213652e-04
-2.119524503542727606e-04
-1.690385759946660157e-04
-2.482900279328714797e-04
-2.101521949141302087e-04
-4.686594865296371754e-04
-6.028529253007133636e-05
-2.599028940845895196e-04
-2.323992008555995090e-04
-4.680971319360992537e-04
-7.250960772471951293e-04
-3.213244975567299227e-04
-8.674598643716274456e-04
-1.152067214430588845e-03
-1.377731599692184243e-04
-1.343761316607241900e-03
4.164188819952996542e-04
-9.933327468132750759e-06
5.705197876158741221e-04
2.688990292456415682e-04
9.614856780149514618e-04
1.495882877631006958e-03
1.466543588788418034e-03
