-3.544707826083904334e-01
5.011106731884830412e-02
-3.409324248603314289e-01
8.862935039241949531e-02
-3.051692743625311066e-01
1.291465086947448104e-01
-2.649285349112059373e-01
1.670296108058064999e-01
-2.232293787296624477e-01
1.792305402673926851e-01
-1.760498038722474179e-01
1.906204761145599835e-01
-1.293969383449219968e-01
1.800253829421809837e-01
-8.939644777912873763e-02
1.690449683469074371e-01
-6.226096367343669086e-02
1.546809870102162643e-01
-3.176959742152953708e-02
1.254680987514590618e-01
-1.636691613461661171e-02
1.047749645981949640e-01
-1.240703777225910052e-03
8.491928251638054814e-02
2.077070995806164829e-03
6.754643902889095886e-02
8.605491672049667487e-03
5.114712755172861475e-02
9.072404103428429942e-03
3.737551692743639603e-02
1.102344734025552039e-02
2.811898369233120643e-02
9.838297559548493665e-03
1.900520627502554419e-02
8.525149988409584309e-03
1.191283805064472651e-02
7.906948801207432445e-03
1.002726783879235618e-02
6.383967063845295310e-03
4.783339245842291136e-03
4.067342939254548102e-03
2.664188032674413582e-03
2.936539924701769746e-03
5.664199098232646596e-04
1.879910601233443935e-03
2.147427380581652006e-04
2.280001883639233757e-04
-3.036917944019793957e-04
-4.159020174603741331e-04
-4.899358204537144525e-04
-4.460114247830924993e-04
-1.538652018458873264e-04
-7.430031680102255247e-04
-4.345128817766084526e-04
-7.779785004601580400e-04
-3.145250777247688020e-04
-1.051419642335665828e-03
-3.667113434802399437e-04
-3.435478410460046216e-03
-2.997173769514807021e-03
-1.063409276483585127e-03
1.724625553203646333e-04
-1.050933593632691820e-03
-4.711503276399508556e-04
-1.084570226462971401e-03
-2.748755530262650057e-03
-1.144350101613645808e-03
-7.161802325696842858e-04
1.139682779163802423e-03
1.320195107014741822e-03
3.095289496852898217e-04
7.480923911861442474e-04
9.910624010390990841e-04
2.225274923749719498e-05
-6.947680182281913220e-04
-2.506300342728189621e-04
9.704415498501202159e-05
2.855629658008428931e-04
3.148804313916595031e-04
-6.997432313863424647e-06
-3.687803996362906699e-04
-1.902786993854042419e-04
1.152076038119975227e-04
-4.787062587569669374e-04
-8.225635772340537466e-05
-5.939127202778851210e-04
-3.518386619219814070e-04
-4.189986215877696072e-04
-1.273659879329349471e-04
-4.633282086307294930e-04
-4.959881872680688315e-04
-6.332929556773848109e-04
-4.346495401167920630e-04
-3.649943956329329857e-04
-5.874389458490854917e-04
-9.209236680751414371e-05
-2.443523326687470766e-04
-2.868705716334460322e-04
-6.208482368047540988e-04
-5.592485520318780235e-05
-5.971812703667835542e-04
2.583551345483517782e-04
-5.009496350014502842e-04
-2.255948107825009742e-04
-1.142936269941340326e-04
-2.390990792912634378e-04
-1.749063248593781222e-04
3.352960183536901053e-04
-8.059514371982489669e-05
-1.947235313567323217e-04
-1.962803018265937859e-04
-3.177987064890847859e-04
-2.209403445832141578e-04
1.251838547796929200e-04
-3.374501598967015546e-04
-1.459310192635534490e-04
-1.037962235666594442e-03
-4.815856010084539735e-04
-9.563893114492684824e-04
-4.471142981220706247e-04
-3.615534661681683431e-05
2.452208691792648982e-04
-3.659173368346242661e-04
6.190465525987538060e-04
3.923728153242142741e-04
7.725575077404016940e-04
2.373960096121721305e-03
2.094130201205780372e-03
