4.992508230923592633e-04
1.860920546856810551e-03
5.101274067696973287e-04
1.316472892102429210e-03
2.675907762528158284e-04
1.132571340459830002e-03
1.030923915948740759e-04
8.373228856165226526e-04
1.131384205900745681e-04
6.868476220560028236e-04
-1.045758237198461243e-05
6.016775938376542950e-04
-4.348444757643911938e-05
4.843546260398721146e-04
-1.099490366595227893e-04
3.087479809923680710e-04
-8.877343117955951697e-05
3.418509024986689389e-04
-1.381900666071585670e-04
2.186738079303289603e-04
-4.563516723272776000e-05
1.558118621480777857e-04
-1.029201780503246439e-04
1.625028037750497431e-04
-1.380319492956974905e-04
1.482293471818596975e-04
-1.671168704663503982e-04
1.363810893356767490e-04
-1.620306935389515478e-04
1.244707471592597879e-04
-1.071831646894862714e-04
8.144912913445978390e-05
-8.162672542445613541e-05
6.479813925163294185e-05
-1.054010433080880619e-04
6.385387925838853680e-05
-1.049448184806891658e-04
6.926956505338228900e-05
-8.451155370088529013e-05
7.497527288198871322e-05
-5.035599399748395361e-05
7.915474872488154079e-05
-4.683045592950053768e-05
6.813576900201309336e-05
-3.536255208696064556e-05
6.665342444028660130e-05
-3.427674094396074284e-05
6.397405410529402407e-05
-1.265598475745012444e-05
6.215017846476001198e-05
-7.444607524565599078e-06
4.369080416058315172e-05
9.115945086234955618e-06
3.451958715035603758e-05
5.249359956529498178e-07
1.966017208351764035e-05
7.443314248551893180e-06
1.633946977634110912e-05
4.846140155407747409e-05
4.330260654695926488e-05
-2.730330422697120358e-06
-7.171994297975062895e-06
1.004687389468683092e-05
-1.168913015057580529e-05
2.398869994378237879e-05
-4.528401566517062631e-05
1.196700602792672254e-05
-1.613986377153426118e-05
-1.005445687742052835e-05
1.334440147135079406e-05
-1.238743983415495923e-05
-1.617925146199715539e-05
2.239821096183595669e-06
-5.208427113304748441e-06
-1.962037214244071227e-05
-8.523118662705444522e-06
-9.448853795260187839e-06
-2.069652546037985488e-05
-2.322479337392961904e-05
-2.168725149186257704e-05
-1.367600798700290731e-05
-1.773865235929906591e-05
-2.193133039820290074e-05
-1.215333651255517044e-05
-2.415135817432570515e-05
-2.101453131887974751e-05
-2.827656403501084426e-05
-1.564312863745995647e-05
-3.413919429201045161e-05
-1.760342108783413754e-05
-3.264025893523452021e-05
-9.418790176268414867e-06
-3.257905004176730752e-05
-1.442563430420657813e-05
-3.602022393158196752e-05
-9.279810185703960256e-06
-3.030973186895114820e-05
-3.173999062274054762e-06
-3.772289008485124454e-05
-5.076440144447949291e-06
-3.549293763592317329e-05
2.760453310368546062e-07
-3.633031069263635842e-05
-2.116189664408232556e-06
-3.590843084692702615e-05
-1.830805316163222742e-06
-3.634009085157031358e-05
-1.001835908512667907e-05
-3.456287849104901515e-05
-1.336844052008050986e-05
-3.945389455375772537e-05
-1.270959476934501284e-05
-4.119974579616077291e-05
-1.360643846656369223e-05
-4.848894527349774223e-05
-1.715415347599395665e-05
-5.554502726350698101e-05
-2.357106809791543439e-05
-6.649721022796296465e-05
-2.224476465623061291e-05
-7.612415928226721757e-05
-2.541017510056909023e-05
-7.896542338487315426e-05
-2.009875187507443787e-05
-1.053494111293006312e-04
-6.572595404222203919e-05
-9.716658742044338064e-05
-7.704451513204353761e-05
