5.100777681170198807e-01
-1.022252632262369704e-01
4.961349661803837185e-01
-1.080968281260385744e-01
4.853857114970041575e-01
-1.147642825760092355e-01
4.703417079694584557e-01
-1.236173497557696149e-01
4.486696944190529668e-01
-1.303942043271597018e-01
4.361224923810086418e-01
-1.435851523689442577e-01
4.095699318645321663e-01
-1.498265525634062401e-01
3.865824751444315588e-01
-1.606350344914726780e-01
3.616758981206781853e-01
-1.693059089847283316e-01
3.289544688981613230e-01
-1.724111984297458933e-01
2.985650360808352888e-01
-1.763883024032583402e-01
2.669610358312375920e-01
-1.777606464119770857e-01
2.355297395315895381e-01
-1.755769554105444386e-01
2.043011968387501431e-01
-1.688267118513134268e-01
1.752447824645713692e-01
-1.600966668142144722e-01
1.488699123425327175e-01
-1.490882063671692681e-01
1.263359307052171476e-01
-1.371618567523824883e-01
1.058854118237811531e-01
-1.230625509395362055e-01
8.878220369456227279e-02
-1.089699592958867508e-01
7.475897128173630835e-02
-9.527176100827799976e-02
6.310647998414009585e-02
-8.225799933201763392e-02
5.406981813653054941e-02
-7.051217147613843272e-02
4.688996496342605347e-02
-5.978535571156332745e-02
4.121708927340665685e-02
-5.030752499987797832e-02
3.680256579422925417e-02
-4.233495247557096663e-02
3.340438214004218948e-02
-3.534913465937342819e-02
3.081888705983932414e-02
-2.944958003321657483e-02
2.883314495377484882e-02
-2.450446467829108660e-02
2.722406642522439552e-02
-2.033380058200855503e-02
2.602641775633417198e-02
-1.686517086413607397e-02
2.500594776693519303e-02
-1.406479437319871524e-02
2.429068191556648521e-02
-1.171471872009846246e-02
2.343931694185396111e-02
-9.924969869402271161e-03
2.320692639942380578e-02
-8.279610453241690454e-03
2.270725524726028080e-02
-7.060990073115243522e-03
2.224572762452994498e-02
-5.977134530692105110e-03
2.188971875620276258e-02
-5.263443953079748397e-03
2.128195409684703610e-02
-4.670531165424915421e-03
2.106422612046084109e-02
-4.108582287813031600e-03
2.067896516442422131e-02
-3.784051979904478821e-03
2.034338335450098373e-02
-3.509300169403860650e-03
1.997271818896806383e-02
-3.279080986451590740e-03
1.959973278243115624e-02
-3.055820704229774212e-03
1.923568026977804865e-02
-2.862768855600284108e-03
1.884853274786330024e-02
-2.677570575978397566e-03
1.847405467161775117e-02
-2.496239666673376149e-03
1.815033544204022395e-02
-2.316836235207275600e-03
1.782016901770880693e-02
-2.120523102389635425e-03
1.746045202743784497e-02
-1.939413104870810678e-03
1.713707043621219908e-02
-1.726614835974904982e-03
1.682682595122397470e-02
-1.487449290393646909e-03
1.654691487979243966e-02
-1.221240455903813355e-03
1.626292094604173122e-02
-9.296142136913801771e-04
1.603472960313523377e-02
-5.572271718381105639e-04
1.580291481542722004e-02
-1.505080695558278566e-04
1.562458863936240505e-02
3.329698122340749369e-04
1.548255725427269587e-02
8.941283015028601150e-04
1.537025408404197810e-02
1.567848934246066951e-03
1.529894713361794854e-02
2.350058323454182196e-03
1.527391569807460756e-02
3.307475729786896537e-03
1.533411308565462046e-02
4.440370396899339690e-03
1.542736523118280398e-02
5.817143457872470287e-03
1.573671014057841794e-02
7.469642476692690825e-03
1.611894549036253788e-02
9.511238633729797790e-03
