3.835616995627342263e-01
-1.324603314955513089e-01
3.600131447999764256e-01
-1.357297623956034704e-01
3.357188503574849991e-01
-1.382123076913589488e-01
3.152630398400663725e-01
-1.426193601690000090e-01
2.891474084135246536e-01
-1.409788078406512546e-01
2.669999581414672640e-01
-1.402237658071985860e-01
2.411575474085055626e-01
-1.337333909975537138e-01
2.212146334335029496e-01
-1.303948942376506048e-01
2.030001994164198909e-01
-1.256561942373144725e-01
1.812121134424733715e-01
-1.157359280507583577e-01
1.656674603756928821e-01
-1.089877051789832768e-01
1.498235480060692848e-01
-1.013953061687691420e-01
1.360444824690260346e-01
-9.410758405868725751e-02
1.236781434337229785e-01
-8.682143591574068009e-02
1.122518594626212007e-01
-7.983871591040847537e-02
1.017361229457575955e-01
-7.295609977624571696e-02
9.251644694707888972e-02
-6.702151175186665810e-02
8.409780255828845641e-02
-6.147031406018382133e-02
7.629215965192534532e-02
-5.626941283121908444e-02
6.900461060664295210e-02
-5.159871636964450531e-02
6.236545421909940601e-02
-4.706665961584733521e-02
5.629001814716546453e-02
-4.298631366836978135e-02
5.065184699025893078e-02
-3.903090184793213402e-02
4.559552794792089830e-02
-3.495615586279803705e-02
4.098014239149198185e-02
-3.126607364806864575e-02
3.712226223758566951e-02
-2.765221111082363792e-02
3.386808722118917619e-02
-2.406899775857784460e-02
3.117619579134613128e-02
-2.084449252113391299e-02
2.895943760487813476e-02
-1.784040421422445136e-02
2.729761658000227215e-02
-1.522302940267044637e-02
2.587022994266407680e-02
-1.294762010287357247e-02
2.483226332711337483e-02
-1.089411848150561093e-02
2.380482588888512344e-02
-9.337002085570714205e-03
2.336024542229233128e-02
-7.922972619142567424e-03
2.267553463946486367e-02
-6.673464398688640740e-03
2.216355375269294173e-02
-5.816863982062854890e-03
2.185014191678405493e-02
-5.161856189505089829e-03
2.133737353845287926e-02
-4.496998908326063984e-03
2.087952335501227358e-02
-4.050700720853721293e-03
2.060692683385891358e-02
-3.695898271341783222e-03
2.025579346793128510e-02
-3.380074458744518340e-03
1.988543753093524602e-02
-3.146256191476080703e-03
1.950580969971801859e-02
-2.928108233298992984e-03
1.913051461276904855e-02
-2.747455347415444279e-03
1.877254090458085542e-02
-2.579514610625788847e-03
1.843948897237110071e-02
-2.408234493489664479e-03
1.810614764873671664e-02
-2.251295528341946961e-03
1.777660653595208515e-02
-2.081556791221765654e-03
1.741969830868035640e-02
-1.884507771042866599e-03
1.712226533209407556e-02
-1.689332058267862743e-03
1.683589443521081239e-02
-1.444554910742096125e-03
1.654748786998507665e-02
-1.191204049461005565e-03
1.626958874514780259e-02
-8.922711306372399943e-04
1.603919515887754915e-02
-5.338453865462043559e-04
1.583686644278078579e-02
-1.330310202969646645e-04
1.564973879465162906e-02
3.383097198655799225e-04
1.550201861440705757e-02
9.093825447149633768e-04
1.538694914926252294e-02
1.560277231424031736e-03
1.532641867978406375e-02
2.341425955380903139e-03
1.530506009805761812e-02
3.276495889782703175e-03
1.537539197256245112e-02
4.417018386362605957e-03
1.548158920933911248e-02
5.804776123905458149e-03
1.568451111254258110e-02
7.461512488601853427e-03
1.607910725032611621e-02
9.406094042235640593e-03
