2.262581072393645698e-01
-4.141181040062453383e-02
2.246226239450730688e-01
-4.082659447882767273e-02
2.210823428417505176e-01
-4.043810514112728544e-02
2.175482795949718884e-01
-4.043122770418743073e-02
2.126698939014909917e-01
-4.044290344386722302e-02
2.079096443287246909e-01
-4.108278041150587728e-02
2.040903588774849731e-01
-4.223669315450463702e-02
2.011932595016424352e-01
-4.440988122303022451e-02
1.950839416463182596e-01
-4.633860970111264299e-02
1.904858166686073662e-01
-4.960123122103875931e-02
1.858056492013127892e-01
-5.403104497139037121e-02
1.763622847314203768e-01
-5.687314991480845600e-02
1.668093543290367908e-01
-6.033707329799716662e-02
1.572191454817405409e-01
-6.429455883446351383e-02
1.465500679154982666e-01
-6.795903659397944940e-02
1.345308827543111596e-01
-7.087182454684259891e-02
1.216895624417922983e-01
-7.253378406173856263e-02
1.081997953822651237e-01
-7.272297826577583946e-02
9.468623590345649765e-02
-7.115464444240444941e-02
8.262822311721831903e-02
-6.873145913060296763e-02
7.062017668970686779e-02
-6.402491223447058510e-02
6.009659195258860304e-02
-5.823484096359468620e-02
5.120291272848580960e-02
-5.185888274351955346e-02
4.396181092852748801e-02
-4.530557651733493896e-02
3.815907264316498182e-02
-3.911292264870975394e-02
3.372669245049814829e-02
-3.328809500874135158e-02
3.035882402876513564e-02
-2.807946194694945635e-02
2.780776803803898523e-02
-2.353157501361135412e-02
2.589139988597261369e-02
-1.965553969485239749e-02
2.443567402247797879e-02
-1.637060343667698023e-02
2.332160462236591500e-02
-1.364487799919264673e-02
2.247229563932568938e-02
-1.137326481717556952e-02
2.175165295732299497e-02
-9.547556097497984090e-03
2.128773800757029211e-02
-8.022862147527062143e-03
2.081759818241755294e-02
-6.818716159514475253e-03
2.043337221381111984e-02
-5.869134743960512796e-03
2.009133543985467535e-02
-5.074193176515646997e-03
1.959732926260577407e-02
-4.498245577616816898e-03
1.929110586194572943e-02
-4.046743191045094890e-03
1.893458394789909391e-02
-3.672245499905493933e-03
1.860055187805529503e-02
-3.385134891249581661e-03
1.825490306950002320e-02
-3.151660746734295630e-03
1.788813829969744182e-02
-2.957895259591960656e-03
1.751666335113113981e-02
-2.780553971270163099e-03
1.715223404945770760e-02
-2.616760545885680935e-03
1.678669805981488142e-02
-2.443264348074992987e-03
1.643822811253100799e-02
-2.280919554823503722e-03
1.609938901347624310e-02
-2.104302200288679908e-03
1.576191664855183458e-02
-1.911625557487864379e-03
1.544603967372237645e-02
-1.703466061423092141e-03
1.514619852150373910e-02
-1.473823980584322048e-03
1.485912051921767230e-02
-1.210880923076688119e-03
1.459616494693083584e-02
-9.110455535160156583e-04
1.435283098059545945e-02
-5.668288829089387915e-04
1.414069893048443619e-02
-1.595485702962840446e-04
1.395944360355541418e-02
3.170959436883321074e-04
1.381243999901258200e-02
8.723918533788741067e-04
1.370338971908968001e-02
1.529702719001706235e-03
1.363632490045112514e-02
2.307268570503855001e-03
1.362388513301760785e-02
3.234856671564813671e-03
1.368150832075487253e-02
4.352044856047260213e-03
1.380328835336575022e-02
5.691078095409053510e-03
1.403720791624737257e-02
7.307124510488616567e-03
1.442297255577261461e-02
9.236699263579808278e-03
