1.786332948566250467e-01
-4.179130804113418557e-02
1.749256720330558956e-01
-4.066583555688939311e-02
1.716117841798806831e-01
-3.947129086067182463e-02
1.660007312037369565e-01
-3.816782629357763634e-02
1.609050851403638904e-01
-3.865640239672555462e-02
1.565809110695450812e-01
-4.037225125089019540e-02
1.512517872647986539e-01
-3.902524287754904203e-02
1.449837506273269627e-01
-3.968076033683474307e-02
1.386244317158993600e-01
-4.054283713000750994e-02
1.332178669526472847e-01
-4.179609065470907964e-02
1.265711068857986177e-01
-4.186708041033827127e-02
1.199476598647957887e-01
-4.114361417987099506e-02
1.132454076461819198e-01
-4.120049731573792451e-02
1.069785226888637503e-01
-4.247626615905757824e-02
1.004533394453912126e-01
-4.219887935127408785e-02
9.358113883516290532e-02
-4.067771879884110597e-02
8.684553594450189484e-02
-4.045823898304470173e-02
8.045903024370536227e-02
-3.964964328360435358e-02
7.454864564316419917e-02
-3.880869938118487045e-02
6.804397422086250202e-02
-3.760901040059223127e-02
6.210750397597292194e-02
-3.597721574062461014e-02
5.648414468243336678e-02
-3.478647637715754498e-02
5.094967408171798690e-02
-3.240001415643764537e-02
4.595008305186781827e-02
-3.017856659648274556e-02
4.103194586737587968e-02
-2.789786710898105315e-02
3.674698511620527741e-02
-2.514529128440454522e-02
3.335282680665052624e-02
-2.249760207729568917e-02
3.032192282585661341e-02
-1.985316820234528032e-02
2.803689970960588154e-02
-1.722712233691787651e-02
2.591951808001148258e-02
-1.469116120964197511e-02
2.477087130898799477e-02
-1.252560997692659522e-02
2.349421606754790656e-02
-1.070011123790396389e-02
2.264587731928614442e-02
-9.511699067359564302e-03
2.172312582642949713e-02
-7.750693473667794563e-03
2.120210165857187509e-02
-6.628578827827546517e-03
2.072349653961755994e-02
-5.873349311043610937e-03
2.034622421657405339e-02
-4.999601990196172671e-03
1.948574938603464535e-02
-4.304363628387537603e-03
1.916658985738532023e-02
-4.184435295529773634e-03
1.874856889827862180e-02
-3.677217517595115191e-03
1.853991561437828492e-02
-3.367333790039932044e-03
1.816858468469978102e-02
-3.115654652715439676e-03
1.779959154606585228e-02
-2.910658247741217727e-03
1.742342439590911785e-02
-2.759688637336231692e-03
1.701779336188722833e-02
-2.541981245647396970e-03
1.675448974384336973e-02
-2.423997701511007921e-03
1.637061483506166426e-02
-2.251526512136791964e-03
1.606685346415885965e-02
-2.046893014014668916e-03
1.568391168585432649e-02
-1.860922053579908619e-03
1.535010068742876516e-02
-1.657688694434126565e-03
1.511492732190932407e-02
-1.418156911669850783e-03
1.479593030183406523e-02
-1.168141975741346806e-03
1.453390386663270736e-02
-8.528498582261136900e-04
1.430869731610563168e-02
-5.007492498055829975e-04
1.409646485565181108e-02
-1.007403204815454233e-04
1.391254959930236616e-02
3.965948919218896486e-04
1.371315296690008359e-02
9.727551289413451834e-04
1.362100579760143655e-02
1.655222434138126520e-03
1.356326319330825037e-02
2.505430083616921877e-03
1.351429549602981006e-02
3.457201945062551244e-03
1.354381192303613472e-02
4.617338833259257945e-03
1.367074725404068131e-02
6.036031866222894490e-03
1.378204538935488659e-02
7.771507055541619462e-03
1.413103683963779465e-02
9.862092222412303238e-03
