1.715679174140767871e-01
-4.062500032783208231e-02
1.685884316578434572e-01
-3.985269606716936031e-02
1.637886034002532520e-01
-3.900002206618752298e-02
1.603866789205404264e-01
-3.862048205230896036e-02
1.548981593532865464e-01
-3.835685412651670262e-02
1.504419083205401630e-01
-3.863358246952494635e-02
1.458830468363201960e-01
-3.905408625005157841e-02
1.397320417250177971e-01
-3.917045146252502025e-02
1.338387953496776583e-01
-3.959694053001013708e-02
1.281223647461819659e-01
-4.015263216969338494e-02
1.224843452669146099e-01
-4.071040992829155075e-02
1.163032831278728169e-01
-4.120562214814180169e-02
1.099988242246692227e-01
-4.123578291986867289e-02
1.035027129413521457e-01
-4.127623890629656539e-02
9.719099226258112734e-02
-4.106209283430310025e-02
9.080217388672692791e-02
-4.070927818853543184e-02
8.451523358702005273e-02
-3.993224783025248192e-02
7.837927954898786520e-02
-3.899820948903605367e-02
7.231551515466515256e-02
-3.788605974905739221e-02
6.647373221312299907e-02
-3.664778683321053693e-02
6.072629122533525908e-02
-3.524076964485532704e-02
5.521152217609693463e-02
-3.358982517368491044e-02
4.994323263929963119e-02
-3.172977316242559659e-02
4.497572376681056167e-02
-2.960030428542798769e-02
4.036058437102075375e-02
-2.733621437971762991e-02
3.628574514593435607e-02
-2.474215736601008755e-02
3.274156991608439399e-02
-2.203646374838328509e-02
2.995115239476799432e-02
-1.945705789649995396e-02
2.754612446903851458e-02
-1.688722723414420174e-02
2.564962949440918738e-02
-1.451219233256665665e-02
2.417402512162981562e-02
-1.241339408530172696e-02
2.292056218342560306e-02
-1.053215421633143210e-02
2.203516257056910982e-02
-8.957977683898200871e-03
2.140106414379641664e-02
-7.639255835783886721e-03
2.082614107154583463e-02
-6.537695610510934827e-03
2.038005877375903552e-02
-5.629206792398641808e-03
1.991349501104934527e-02
-4.902525279866977274e-03
1.944093999712242712e-02
-4.336455915408311997e-03
1.903968378601554601e-02
-3.879857305294066947e-03
1.873991614689912363e-02
-3.521941585527802246e-03
1.839971564064169646e-02
-3.253358395235502777e-03
1.806392947025911577e-02
-3.048265898139187677e-03
1.771032834361681296e-02
-2.839256416821616790e-03
1.734680345182343028e-02
-2.672632189971632048e-03
1.700005404924091745e-02
-2.516725892588569068e-03
1.665216792833701387e-02
-2.349687691915990691e-03
1.631938516239744147e-02
-2.188238085976911256e-03
1.598570946613281710e-02
-2.025304854884084002e-03
1.567003445397295927e-02
-1.835782118454276331e-03
1.536340401966001558e-02
-1.637686383818392393e-03
1.507570553560211475e-02
-1.415283116594576261e-03
1.479245208984010344e-02
-1.165716322071428572e-03
1.453513548955130685e-02
-8.694589456277006375e-04
1.429843334170774645e-02
-5.330961662043244391e-04
1.408549851952929470e-02
-1.362142639451526882e-04
1.390307958629636957e-02
3.313756164037698414e-04
1.375554396107808892e-02
8.825492234619375896e-04
1.364773358483466204e-02
1.534178487004017599e-03
1.358630793062972145e-02
2.301880583631199864e-03
1.357526385703503730e-02
3.228010610384816383e-03
1.363524845280944010e-02
4.330941893981424956e-03
1.374475553010248707e-02
5.668282169956599323e-03
1.400074798482442602e-02
7.269540731691935889e-03
1.440067945861395367e-02
9.191036337983116838e-03
