5.502462205229782799e-02
-3.041896290057007068e-02
5.226214516907080193e-02
-2.697961891291185757e-02
4.959734546207703737e-02
-2.396852805736366526e-02
4.719217733772278212e-02
-2.130316250703759642e-02
4.520579850339918188e-02
-1.877675184087116214e-02
4.317666404138332387e-02
-1.646461335768574508e-02
4.177064562285556781e-02
-1.453784407285250123e-02
4.001347036842644450e-02
-1.262066916078224792e-02
3.902063502112275428e-02
-1.102076316070242645e-02
3.810602821163638215e-02
-9.562811954086817418e-03
3.694882079625264742e-02
-8.269044291425041784e-03
3.624391364165663321e-02
-7.162149705916219175e-03
3.571778135032162987e-02
-6.286283682847539078e-03
3.531724644984726713e-02
-5.521368028632927215e-03
3.485947828043617358e-02
-4.854552064209337325e-03
3.439934233083412340e-02
-4.356022881081554263e-03
3.396373451587319375e-02
-3.941332057804552459e-03
3.355115217142667222e-02
-3.646464598156813012e-03
3.323680997502118095e-02
-3.404770836506440610e-03
3.292213117054459265e-02
-3.292594917787884136e-03
3.260313176326495865e-02
-3.238759611626961226e-03
3.232085529555184938e-02
-3.262551322925036790e-03
3.200749232920173382e-02
-3.385548872849038216e-03
3.164843822248811916e-02
-3.591896214761392502e-03
3.121405209967269972e-02
-3.947254476731921168e-03
3.070658351962155669e-02
-4.299452445202244476e-03
3.008013091033817296e-02
-4.691592271965301479e-03
2.932729681154867818e-02
-5.088708022308447571e-03
2.843725398041567487e-02
-5.462058392324178023e-03
2.740980833254266433e-02
-5.739925076693088400e-03
2.638765771886551759e-02
-5.921932539518891779e-03
2.524538392421119687e-02
-5.923317583824151342e-03
2.415385609049121654e-02
-5.757807664301201056e-03
2.312005867314477492e-02
-5.508397707977830821e-03
2.221544731748005541e-02
-5.147151856866313130e-03
2.144846118371834462e-02
-4.745950775713338697e-03
2.076434352333845004e-02
-4.342168381115474665e-03
2.005870497080194242e-02
-4.011672872434477941e-03
1.957977057763856527e-02
-3.662110804149648017e-03
1.913176927876745689e-02
-3.382760178596248748e-03
1.872246974609913933e-02
-3.141327748322478384e-03
1.834247267595026654e-02
-2.944650086780045868e-03
1.797028315328903433e-02
-2.764261560993493041e-03
1.760072779438070709e-02
-2.606476864176884498e-03
1.724092553380008122e-02
-2.451245895060329139e-03
1.689699605411135869e-02
-2.293665012161682972e-03
1.656298241115177969e-02
-2.135740421708328968e-03
1.623837180846150058e-02
-1.969797115704448320e-03
1.591705421683635435e-02
-1.792060143358290784e-03
1.561742368131094523e-02
-1.601935261429037133e-03
1.532985867602713534e-02
-1.380292347258009001e-03
1.505510369825731332e-02
-1.131502052455972884e-03
1.479639619763993379e-02
-8.401324754283055014e-04
1.456284150155634158e-02
-4.982392129611011578e-04
1.435425822396272852e-02
-9.798226940040349973e-05
1.417468982284953230e-02
3.759345069451028895e-04
1.403083267050653574e-02
9.316525050937022592e-04
1.392537486363790329e-02
1.590130556578821805e-03
1.386334759556056596e-02
2.375658579552058364e-03
1.385239478232772742e-02
3.308687967517730255e-03
1.390752431981262180e-02
4.430198959200591993e-03
1.404034824303316067e-02
5.783715603905836833e-03
1.428756059856708775e-02
7.410111362955888910e-03
1.467246209444852782e-02
9.358639013038553070e-03
