5.611680511730217369e-02
-3.180488404969618321e-02
5.377758445376732560e-02
-2.823394295271302104e-02
5.142461486491529260e-02
-2.530866704033155751e-02
4.896092625533386700e-02
-2.218891336515951135e-02
4.667383845004222792e-02
-1.900322725402031968e-02
4.421288097067474498e-02
-1.707081730908453082e-02
4.222554203993043875e-02
-1.486451376435074002e-02
4.177114929859025716e-02
-1.251632289655366104e-02
4.043208016429235968e-02
-1.179352961066337802e-02
3.878325070037078048e-02
-9.978144954895908428e-03
3.725733002097338792e-02
-8.405207361294289234e-03
3.675291098041415933e-02
-7.632236977909838752e-03
3.662956632643363242e-02
-6.963771559681428483e-03
3.575473093318049661e-02
-5.272326818227688651e-03
3.535004620757156019e-02
-4.808513545076478247e-03
3.517578916098771519e-02
-4.764891570373878601e-03
3.481241431189498886e-02
-3.770924584224186107e-03
3.479308754182113689e-02
-3.925811449929350258e-03
3.444825843870526899e-02
-3.399327950414697194e-03
3.381146805516516141e-02
-3.238317822079389910e-03
3.344287418068696283e-02
-3.029605955994110582e-03
3.355869099918389747e-02
-3.372604976958066495e-03
3.311997401602057717e-02
-3.531010263464771492e-03
3.278892016556569228e-02
-3.797489225878348390e-03
3.215918851167971076e-02
-4.106578204784852755e-03
3.167160899049592526e-02
-4.422491150399958729e-03
3.091299114678335708e-02
-4.825295101305065310e-03
3.016084012846156903e-02
-5.245450300967883887e-03
2.910425970749510455e-02
-5.549664565732449761e-03
2.810393945837810423e-02
-5.963980089901217349e-03
2.710896786117554871e-02
-5.994698595329440820e-03
2.588999316058043440e-02
-6.032529369783647295e-03
2.453045056301840846e-02
-5.831213786389444903e-03
2.369579991465255164e-02
-5.671193834606772302e-03
2.270628353627482734e-02
-5.213568751043114874e-03
2.186904579830624071e-02
-4.882970951098335004e-03
2.121471504296493227e-02
-4.486879226196201567e-03
2.032029841081795657e-02
-4.172229641197384639e-03
1.984869021301903166e-02
-3.794511316369957119e-03
1.934999354063449833e-02
-3.584757184671961364e-03
1.893961938784660334e-02
-3.245974950994014868e-03
1.852473280946503528e-02
-3.078028176345162445e-03
1.815922769089283600e-02
-2.883108107105829959e-03
1.777706971464152255e-02
-2.709418984616482860e-03
1.740070461607528401e-02
-2.536264755967658144e-03
1.703751503052945704e-02
-2.366221090201399684e-03
1.669722413157874452e-02
-2.201502270172227618e-03
1.635567080418063798e-02
-2.036810696749309299e-03
1.603610107432347151e-02
-1.834623968605236018e-03
1.572228613332179309e-02
-1.638584595766708323e-03
1.543582371324930813e-02
-1.385861623347557983e-03
1.514798290076802348e-02
-1.160675577646114653e-03
1.487907263731926000e-02
-8.450482786336157908e-04
1.462832451494242882e-02
-4.830109335745772620e-04
1.441206357505833528e-02
-6.285091600088259006e-05
1.421081261431227268e-02
4.086460016378135594e-04
1.407093896892317071e-02
1.014176106329726804e-03
1.396155359043948531e-02
1.717507914474850506e-03
1.389234683172298722e-02
2.529491015657537364e-03
1.384520333475510595e-02
3.523921642919420130e-03
1.395354904660270692e-02
4.735169071464028281e-03
1.402085730886631562e-02
6.187255610665878987e-03
1.421666991206980112e-02
7.946700195871590766e-03
1.453927831242342664e-02
1.001364051566894578e-02
