2.409601587529122679e-01
-5.365643568136905378e-02
2.385298538501511023e-01
-4.859149855382031286e-02
2.337642904964707669e-01
-4.668669186461777559e-02
2.314140720026948983e-01
-4.531572968329523887e-02
2.259538494482871696e-01
-4.581743276334514225e-02
2.209747239489446291e-01
-4.393338579626402535e-02
2.187173343333082554e-01
-4.582769393411741804e-02
2.122323695450865355e-01
-4.673614228921012248e-02
2.063024938614683168e-01
-4.974674446357897628e-02
1.981977052330238243e-01
-5.027215477329501775e-02
1.927844088505448750e-01
-5.539705793903648007e-02
1.848862955251661389e-01
-5.973625244385205590e-02
1.765707176774408971e-01
-6.374328791052441545e-02
1.669896889093555603e-01
-6.931550026453348057e-02
1.545628456103196602e-01
-7.273765878147406272e-02
1.422625255908663566e-01
-7.604800320391222335e-02
1.272678619568570757e-01
-7.695403776997711276e-02
1.130805397066312612e-01
-7.686633221943972583e-02
9.832109606093850096e-02
-7.443694870754032078e-02
8.439019566426186891e-02
-7.120584765743298572e-02
7.206597364015784879e-02
-6.637671109668805136e-02
6.122497619724219520e-02
-5.980062698440857805e-02
5.227615923197426878e-02
-5.275558354425433777e-02
4.459260804944776418e-02
-4.593844440609404917e-02
3.866379609018206348e-02
-3.971712188670268456e-02
3.405236089081817991e-02
-3.378179626763755383e-02
3.068024560956706531e-02
-2.849978445712589639e-02
2.819508053190503821e-02
-2.397180823000212568e-02
2.633329061648386274e-02
-1.996433652787794541e-02
2.467722073829814455e-02
-1.654295431306771272e-02
2.363789478786200091e-02
-1.390010194339053734e-02
2.302853950996726351e-02
-1.156580244595886708e-02
2.196122209895664742e-02
-9.898088326647269328e-03
2.159581728702937922e-02
-8.200687146243397507e-03
2.118610524410007370e-02
-7.034273471087103963e-03
2.091755264656155328e-02
-6.110395643562118763e-03
2.023863116628111039e-02
-5.235107830553558349e-03
1.963188567814647817e-02
-4.515170343441768722e-03
1.926460623441236114e-02
-4.070222253152595317e-03
1.889982854751667135e-02
-3.773781617892052118e-03
1.860680708739417821e-02
-3.536705204162410299e-03
1.828678614731799740e-02
-3.264650659740334863e-03
1.788634480812984276e-02
-3.064938285187261517e-03
1.750433341422771155e-02
-2.862883543947818306e-03
1.715826666623683494e-02
-2.650720919656470408e-03
1.676867178339318601e-02
-2.514095997055570963e-03
1.641791296362268143e-02
-2.338287582942550659e-03
1.607709963285617813e-02
-2.123874591159427821e-03
1.572502940546148878e-02
-1.934724182148743867e-03
1.539924499405182987e-02
-1.725066877858848690e-03
1.509932549201460812e-02
-1.469813322836769839e-03
1.482583409014201666e-02
-1.198675728099293271e-03
1.454448537191324956e-02
-8.835801509500307077e-04
1.434911240812411851e-02
-5.184400558572747550e-04
1.407891624238560152e-02
-9.731845991830259885e-05
1.389546149188434013e-02
3.770104110796204818e-04
1.374924643594186563e-02
9.589120216889847250e-04
1.364307513093883720e-02
1.648608357682150799e-03
1.355468109516811022e-02
2.448794600961752815e-03
1.351741921481976194e-02
3.464078085660287232e-03
1.357583443885894414e-02
4.630886888284056410e-03
1.361979826737994177e-02
6.052204016571672250e-03
1.386505659337085132e-02
7.762320150784182519e-03
1.414040747232531148e-02
9.838835374574817980e-03
