1.126369538626008776e-01
-3.034883494103951182e-02
1.093398787818679052e-01
-2.790384860883381515e-02
1.057516216652718971e-01
-2.595677075601050127e-02
1.024269263316296696e-01
-2.391469996916047863e-02
1.016467837960702003e-01
-2.232077418072260858e-02
9.745413710760336690e-02
-2.191842204649651141e-02
9.634245907385018126e-02
-2.083726241449295608e-02
9.206961482850502254e-02
-2.056668624221493630e-02
9.016151964712265654e-02
-1.873623966456263237e-02
8.785683839442119669e-02
-1.918577624920481117e-02
8.710667279793006534e-02
-1.913617884158859764e-02
8.443078128077030620e-02
-1.858827746901408132e-02
8.107121689612978299e-02
-1.919811697918978252e-02
7.826025138634881695e-02
-1.903096711975021949e-02
7.506238019328058397e-02
-1.896292920829244569e-02
7.190796863317180931e-02
-2.019865011204997896e-02
6.859254820259931551e-02
-2.063835705669385401e-02
6.549469247675031303e-02
-2.104560404567708265e-02
6.238499202871994331e-02
-2.128274649862275589e-02
5.912478287789942055e-02
-2.196296232142067040e-02
5.559757996887289277e-02
-2.183747896985004447e-02
5.181059450966325752e-02
-2.236275199318269943e-02
4.812460203909647849e-02
-2.200144919803033797e-02
4.422937533066696042e-02
-2.146140914565988767e-02
4.045245171983319343e-02
-2.072960462991876515e-02
3.685953651808605847e-02
-1.976846995575043398e-02
3.362215454621112626e-02
-1.841159932920170827e-02
3.080828717214922560e-02
-1.667985686447740964e-02
2.817614758832958158e-02
-1.495651031053156846e-02
2.614472763809771658e-02
-1.319167011896883908e-02
2.472502998895708543e-02
-1.147825914341190322e-02
2.324570463911897547e-02
-9.831943172510662979e-03
2.237886649544038389e-02
-8.451315764678564435e-03
2.169489400739786286e-02
-7.337712972296302205e-03
2.096124614148314746e-02
-6.361880569030609403e-03
2.040761480257743954e-02
-5.677301497258832250e-03
1.970188956580052470e-02
-4.825245290849924581e-03
1.916562391545697380e-02
-4.245247812932942920e-03
1.893036157132645808e-02
-3.832291028234765043e-03
1.861257881796979374e-02
-3.404005539435777175e-03
1.817902588427863092e-02
-3.332293130773546566e-03
1.788659963474242137e-02
-2.987006174642944586e-03
1.749360220753449005e-02
-2.835652356495843834e-03
1.716057938557732920e-02
-2.633539457992982794e-03
1.683426723664788183e-02
-2.463993347740766997e-03
1.647543219524118599e-02
-2.309174793943904753e-03
1.613688366012736020e-02
-2.179377380777650433e-03
1.580614444381646735e-02
-2.004437493179655940e-03
1.545745562201555033e-02
-1.796922875910684754e-03
1.520438245423802980e-02
-1.572168573476376719e-03
1.492012618513408745e-02
-1.366505721091796797e-03
1.462002721905434829e-02
-1.081578489547257473e-03
1.437427993479650778e-02
-7.918968787295932628e-04
1.414741012367304492e-02
-4.649577864415480066e-04
1.391675282231996831e-02
-6.217685475345584919e-05
1.373913857541101194e-02
4.258696652477275083e-04
1.360287779938183783e-02
1.031475372350413536e-03
1.350381400624307317e-02
1.715893142703773730e-03
1.344290007664751367e-02
2.520873807156705053e-03
1.340858028361846359e-02
3.506050848358693763e-03
1.342207175900744787e-02
4.706086859997995510e-03
1.350367979635809859e-02
6.089488573610382822e-03
1.371974651017697153e-02
7.849080872330113992e-03
1.397674329210726180e-02
9.923855668503662672e-03
