5.109802291026892263e-02
-3.034301514647791062e-02
4.886390102738735752e-02
-2.644946644269342839e-02
4.631403113891903456e-02
-2.352379436066978635e-02
4.412571861610643104e-02
-2.054289280364295436e-02
4.228197854135161415e-02
-1.837619726196461703e-02
3.999388860191793044e-02
-1.599150329058364114e-02
3.844479754128910659e-02
-1.387383949340098913e-02
3.703950802537819137e-02
-1.203261716645360503e-02
3.636645823324607951e-02
-1.036279129203137098e-02
3.530856620246322630e-02
-8.858205232466132353e-03
3.417743497754308080e-02
-7.955254832929621253e-03
3.368543626933061946e-02
-6.995276612681023028e-03
3.285355036578125471e-02
-6.122921445034899476e-03
3.250330995110436300e-02
-5.206482943235662443e-03
3.254632140891838138e-02
-4.535288326168369390e-03
3.180424860159154071e-02
-3.924192183318191314e-03
3.157415092888820468e-02
-3.608925004676355464e-03
3.118732527136902632e-02
-3.047954507352981096e-03
3.090922723458593493e-02
-2.799429587881205935e-03
3.064308750248266600e-02
-2.736014494814107377e-03
3.061000200143723302e-02
-2.590299858568006087e-03
3.011471249909110359e-02
-2.591394131757233064e-03
2.976780063401919529e-02
-2.653033611379906724e-03
2.951060366373839394e-02
-2.594299105877206739e-03
2.913984036785764384e-02
-2.813013601241345831e-03
2.880672986714297515e-02
-3.130678242523255838e-03
2.843923077801790295e-02
-3.311862063958287070e-03
2.794999720322860481e-02
-3.706444152436651554e-03
2.742388393814622349e-02
-4.087829871756944698e-03
2.666225185464099132e-02
-4.351134078035264439e-03
2.597860761620590653e-02
-4.460049575405807855e-03
2.503758399128375167e-02
-4.832875616603075387e-03
2.422740017221975892e-02
-4.966521331811621365e-03
2.323698571784908740e-02
-4.850808323000591407e-03
2.237616552696210931e-02
-4.639696726042892051e-03
2.158980736218633553e-02
-4.272600466813120806e-03
2.080881619435951541e-02
-4.053601360121218862e-03
2.002589488303082796e-02
-3.872286765128964050e-03
1.953009148392813310e-02
-3.523648978941628599e-03
1.901896001552576265e-02
-3.253362207738817128e-03
1.865110809869072878e-02
-3.042961295077175211e-03
1.820933041374890940e-02
-2.867918046547984767e-03
1.787698367123196491e-02
-2.700584475212128993e-03
1.748287036866377070e-02
-2.562347640202620059e-03
1.713601294977323830e-02
-2.397321272753706340e-03
1.679398520550026350e-02
-2.244617754632793720e-03
1.645801359162842731e-02
-2.097802495950222036e-03
1.613452169267710554e-02
-1.947487149042990539e-03
1.582315294711864745e-02
-1.741476477405766009e-03
1.552339505146187008e-02
-1.549707345112362076e-03
1.523912704041489700e-02
-1.328729834219001451e-03
1.495230318564780801e-02
-1.056720042538445781e-03
1.471361139987602262e-02
-7.738642568261369387e-04
1.446813527098377190e-02
-4.178043061427205219e-04
1.426606803172884852e-02
-8.592809228734740241e-06
1.407177666912900853e-02
4.777697836633780721e-04
1.393136042713126639e-02
1.066331434502929085e-03
1.382252617763723296e-02
1.769453770629370688e-03
1.372974080259674497e-02
2.586042847455906433e-03
1.370150440866300945e-02
3.578038296751401195e-03
1.383254853096005030e-02
4.786795338928006259e-03
1.387323157904473379e-02
6.257184975212068054e-03
1.406445761531359764e-02
8.014002915525952897e-03
1.439935925125190690e-02
1.015425040088438133e-02
