1.539999463998370510e-01
-3.726914335130340761e-02
1.516268245929510428e-01
-3.458777496645371735e-02
1.481365077939789665e-01
-3.257439151967136959e-02
1.454280188451189115e-01
-3.050034519902910038e-02
1.408345688681882923e-01
-2.869854345521507047e-02
1.395540486266055036e-01
-2.765479996047452010e-02
1.369048227408076468e-01
-2.658228004021820703e-02
1.337955597392118667e-01
-2.594888557986226030e-02
1.334863430057263434e-01
-2.625708547434833090e-02
1.279875398642938977e-01
-2.564159282327143838e-02
1.259087295785688287e-01
-2.646807686848997795e-02
1.244502722409509265e-01
-2.809665954975601107e-02
1.216261523041513581e-01
-3.012882386942737981e-02
1.168422269245090878e-01
-3.174180851410910581e-02
1.116088077081435065e-01
-3.358277460817363225e-02
1.061909519229795734e-01
-3.585971018796197535e-02
1.006557518823162911e-01
-3.863040379862112822e-02
9.413594915332657020e-02
-4.114454042676398554e-02
8.673046254268297617e-02
-4.304003902644894936e-02
7.872638178352608929e-02
-4.426908344702541048e-02
7.031350456514685876e-02
-4.433092739849187058e-02
6.191600535618410617e-02
-4.318585377633188394e-02
5.386592439847199404e-02
-4.081681696378607754e-02
4.670906821847052581e-02
-3.757132198483632141e-02
4.047575933052104807e-02
-3.377902935682738916e-02
3.551961483046769258e-02
-2.970955673856088761e-02
3.162989037494171041e-02
-2.569856891174664842e-02
2.860982014388962352e-02
-2.190222330424903760e-02
2.632182688511432167e-02
-1.849343748823953359e-02
2.460757498955768591e-02
-1.553962164825516135e-02
2.328319816857475286e-02
-1.300600291109172205e-02
2.234146253972645393e-02
-1.090483738972460384e-02
2.163304156906677156e-02
-9.198174607034441744e-03
2.096248013917073258e-02
-7.726029728073059884e-03
2.052466834975613663e-02
-6.535364958166314624e-03
2.013090803873400503e-02
-5.648152315651744360e-03
1.974536974492176189e-02
-4.866944900907368456e-03
1.930966995922179380e-02
-4.293648717697278946e-03
1.893584205103555212e-02
-3.906328758428785630e-03
1.864991962237076001e-02
-3.552956004909473779e-03
1.829625526233264604e-02
-3.293207294517833984e-03
1.796704073156519740e-02
-3.065434198215200891e-03
1.759473707531937492e-02
-2.872137006293057522e-03
1.723213827477954735e-02
-2.706693477989464882e-03
1.686967161273575724e-02
-2.543990397145880298e-03
1.650941069963654528e-02
-2.388972387233042130e-03
1.617487030342068879e-02
-2.234654000131165458e-03
1.583178439216774078e-02
-2.059171365456053272e-03
1.549723180258549306e-02
-1.860268340434198834e-03
1.519296949036763426e-02
-1.647838128716707208e-03
1.490243680338120338e-02
-1.421222107334172346e-03
1.462746444415810761e-02
-1.158370456025108446e-03
1.437160066022204370e-02
-8.620013892745345251e-04
1.413620458703600431e-02
-5.133540056632923633e-04
1.392955024014488549e-02
-1.174756267599478518e-04
1.375182198488570338e-02
3.509897668411018586e-04
1.359206500507604935e-02
9.127339331077980508e-04
1.348921345547704313e-02
1.552565181786296411e-03
1.341535859914693221e-02
2.330561565589547943e-03
1.340784687358206710e-02
3.257433935223379325e-03
1.345164366053556125e-02
4.372299058757688449e-03
1.359208532904917187e-02
5.706768351080654215e-03
1.383297257940404798e-02
7.335116305529673641e-03
1.424018672733385477e-02
9.303754635801343015e-03
