1.622611693608210781e-01
-4.340045329592639306e-02
1.579619478433296476e-01
-3.949094882178454113e-02
1.555419916885044385e-01
-3.652414707779529091e-02
1.505856878030022994e-01
-3.374785191279796454e-02
1.455647038213629951e-01
-3.099303201425408771e-02
1.420546511083983499e-01
-2.885841582843554770e-02
1.419966740212980916e-01
-2.789593358103360440e-02
1.389567893540540888e-01
-2.823660852689057268e-02
1.343429689493163548e-01
-2.692409688598185885e-02
1.318789437440986700e-01
-2.549444576725710260e-02
1.288631531614192471e-01
-2.779397776794610697e-02
1.255108701421197015e-01
-2.825604378677077852e-02
1.218346304055460544e-01
-2.940572899376237698e-02
1.185324164109544803e-01
-3.169488536394932110e-02
1.135261956231209818e-01
-3.421959790020630277e-02
1.090782592410128177e-01
-3.673048887922101408e-02
1.029517452162265617e-01
-3.978641948347635265e-02
9.632637969352683682e-02
-4.254438192883329417e-02
8.872231173045734554e-02
-4.397750766252356280e-02
8.029766046235745081e-02
-4.521910943689899653e-02
7.187510166119236155e-02
-4.518490878747902922e-02
6.309905025873882578e-02
-4.446807432292089468e-02
5.483972661055168396e-02
-4.167566975593794271e-02
4.774604060715655074e-02
-3.811014827805225824e-02
4.120234261506946355e-02
-3.436823606325594554e-02
3.609887268685754019e-02
-3.010225991444962293e-02
3.223507049778799594e-02
-2.624090912245817184e-02
2.898244153913255572e-02
-2.242382194119941358e-02
2.675771523865253312e-02
-1.880161022757361952e-02
2.506506240870175900e-02
-1.591484468265871866e-02
2.398189927312379191e-02
-1.325938177628976922e-02
2.254236802101494339e-02
-1.116775144204518871e-02
2.222118089990711420e-02
-9.219184347013454489e-03
2.141726373297782315e-02
-7.807039836620533260e-03
2.105685412816554053e-02
-6.756988190804705599e-03
2.076376474714225484e-02
-5.711602313998505667e-03
2.024283990498301072e-02
-5.014871636389963035e-03
1.936810366817865239e-02
-4.479112145750119810e-03
1.920958921258743637e-02
-4.041217110554188793e-03
1.883002567451624171e-02
-3.702598638008230969e-03
1.841203268747142532e-02
-3.388448255019930154e-03
1.816403448677072693e-02
-3.208801933540651741e-03
1.775602351949900556e-02
-2.976503422596182575e-03
1.734041502238335350e-02
-2.790198422860125631e-03
1.698521238636755554e-02
-2.619507753513806558e-03
1.662805955329915708e-02
-2.442186841265732693e-03
1.627491185720314135e-02
-2.245207149958084944e-03
1.593294789257142935e-02
-2.064017506039370151e-03
1.558110638118770548e-02
-1.899679505243495733e-03
1.527557175654547204e-02
-1.649995316144498405e-03
1.499144749689983354e-02
-1.411976420857717499e-03
1.469716344013888461e-02
-1.177768748363096363e-03
1.442815353268618594e-02
-8.591073763328483607e-04
1.415288073879777606e-02
-4.843086067370060404e-04
1.396379802813581261e-02
-9.825001566777765219e-05
1.377960794131107870e-02
4.012157445414653864e-04
1.365123905462756020e-02
1.004902394997879683e-03
1.352399873212425767e-02
1.693373896905499927e-03
1.346637321948567813e-02
2.514942367123473594e-03
1.340782371160477958e-02
3.486800323223208150e-03
1.343460873259879826e-02
4.674209103421931959e-03
1.349954558910765497e-02
6.103397284566151881e-03
1.371995437156335595e-02
7.870885722175254701e-03
1.405551831365086171e-02
9.915080658272118833e-03
