1.100331853324798131e-01
-3.028364060963019411e-02
1.072256553873543600e-01
-2.802478993288880921e-02
1.040890205653710737e-01
-2.590458841827466413e-02
1.013905733841466150e-01
-2.428548832302660637e-02
9.833972964136876438e-02
-2.284277105457438103e-02
9.563131729706454698e-02
-2.153520007299618982e-02
9.297330368054629313e-02
-2.050715866894916792e-02
9.138945268759846030e-02
-1.976556581758765266e-02
8.830654723384213922e-02
-1.902926989521889697e-02
8.718784482147237669e-02
-1.896093740014357862e-02
8.368274960894706016e-02
-1.836458773476976405e-02
8.164600545231359696e-02
-1.862878003493359871e-02
7.980833966385456058e-02
-1.919622651430250709e-02
7.769631607694853226e-02
-1.967571593987277323e-02
7.454170576654087221e-02
-1.987838483376268978e-02
7.116286709266353427e-02
-2.021863659450836778e-02
6.778215110452896763e-02
-2.053376026359269094e-02
6.447419365628978549e-02
-2.085325417849134486e-02
6.128418545741052409e-02
-2.121252227454494682e-02
5.791304478013156731e-02
-2.151290941576329552e-02
5.448027267182193462e-02
-2.178740467644785933e-02
5.094142955094461966e-02
-2.186866784427175803e-02
4.725551250693745681e-02
-2.169870398130025607e-02
4.354199279620922514e-02
-2.128300721329740713e-02
3.971112844985832946e-02
-2.059641386292929491e-02
3.620431677705069490e-02
-1.952524681063797299e-02
3.297706721734593172e-02
-1.810155669247377405e-02
3.024037091425628779e-02
-1.653819037131018521e-02
2.779882308376522421e-02
-1.475040299869475116e-02
2.578323020296287293e-02
-1.298745339645598906e-02
2.417191336591950970e-02
-1.129288404727265410e-02
2.289102038265095410e-02
-9.705315704749617120e-03
2.199612115692068173e-02
-8.412165017834540362e-03
2.116495226890868775e-02
-7.193079669656747381e-03
2.050427634332854798e-02
-6.166872009496382305e-03
1.997486984161927007e-02
-5.292093218390802288e-03
1.962694957135605392e-02
-4.635600062028610684e-03
1.907923239211339536e-02
-4.138842303621713056e-03
1.876659396554190493e-02
-3.720604898585238088e-03
1.841885240603369223e-02
-3.408008422350670193e-03
1.808155355111221163e-02
-3.138326467151466258e-03
1.774818274844984500e-02
-2.930486444580527716e-03
1.741482804816528104e-02
-2.754854640534743025e-03
1.707229192950255117e-02
-2.596565363414789478e-03
1.672769635082584430e-02
-2.435514713859412723e-03
1.638532345261413739e-02
-2.290725998427401485e-03
1.605134516412276210e-02
-2.130138481455404794e-03
1.573850756216636435e-02
-1.980938482209095367e-03
1.542109868893056825e-02
-1.780436177134272135e-03
1.512618152114669767e-02
-1.588873737871693195e-03
1.484342673695079710e-02
-1.368975625133759784e-03
1.457673419300875919e-02
-1.117623919020563957e-03
1.432021019821938176e-02
-8.360263922716233004e-04
1.409688692793231550e-02
-4.882127592377616572e-04
1.388827141601001527e-02
-9.913295389857547043e-05
1.371067295988219817e-02
3.648236121704827219e-04
1.356884664982236331e-02
9.167725207651575021e-04
1.346635167277245720e-02
1.556402084152945595e-03
1.339341569642325987e-02
2.321107381313456709e-03
1.336984984912085658e-02
3.243574890836846067e-03
1.341450899806004120e-02
4.356153593122437211e-03
1.355772898116094222e-02
5.700011514367961038e-03
1.378836632681421093e-02
7.299103810560547863e-03
1.416459469909745264e-02
9.248830117389389427e-03
