freq	Zr data	Zj data	Zr model	Zj model	Real Weight	Imag. Weight	Real conf. interv.	Imag. conf. interv.
0.0031623	-0.0003016749855580318	0.0003527817681851881	-0.000302777123305994	0.00035506893730682563	1.0	1.0	0.00011215197425289532	0.00012498245943681806
0.0039811	-0.0002752633230222049	0.0002952527230588055	-0.0002687333772562864	0.0002965528379734068	1.0	1.0	9.09661874077736e-05	0.00011170055174730861
0.0050119	-0.00024074931282594755	0.0002450197242351649	-0.00024397364379719294	0.000247830722955309	1.0	1.0	7.423924856136903e-05	9.794069427262743e-05
0.0063096	-0.00022244011281976784	0.0002115312613638463	-0.0002249722938905962	0.00020779988917364088	1.0	1.0	6.085822402213906e-05	8.496844913849068e-05
0.0079433	-0.00019501750269833274	0.00016494990314387724	-0.00020951860609452974	0.00017474678526555344	1.0	1.0	4.976403554427401e-05	7.338245176186889e-05
0.01	-0.00019445996294311472	0.00016013316340306017	-0.0001965355206694043	0.00014696442091790372	1.0	1.0	4.033941286780013e-05	6.32231096656649e-05
0.012589	-0.0001770810175982728	0.00012549857675086404	-0.00018570920467617127	0.00012317754671661862	1.0	1.0	3.235758430648223e-05	5.4272791880584134e-05
0.015849	-0.0001821641171944404	0.00010762024886705097	-0.00017701966629662748	0.00010266660718401134	1.0	1.0	2.575921109918459e-05	4.630741819626229e-05
0.019953	-0.0001761236026752327	9.455075969554468e-05	-0.000170394652439912	8.513894100644125e-05	1.0	1.0	2.0500216115192572e-05	3.919982552015666e-05
0.025119	-0.00016359411461344979	7.054094531898065e-05	-0.00016558386929666036	7.046245016301033e-05	1.0	1.0	1.6483121396995607e-05	3.2899381088553304e-05
0.031623	-0.00017424072066916729	5.009830258608778e-05	-0.0001622181715763449	5.849408696791032e-05	1.0	1.0	1.3552702143784861e-05	2.7384883069284476e-05
0.039811	-0.00017270753881107388	4.694837617612747e-05	-0.00015991264468015636	4.9036738318770734e-05	1.0	1.0	1.1516810468534906e-05	2.2631219225099422e-05
0.050119	-0.0001611675070178587	5.1108572191401024e-05	-0.00015832985720242598	4.185604712767823e-05	1.0	1.0	1.0165500305026974e-05	1.859411573913048e-05
0.063096	-0.00015035033032056435	3.9133877036254154e-05	-0.00015719942208193045	3.672182141776613e-05	1.0	1.0	9.293206634155188e-06	1.521405231346803e-05
0.079433	-0.00014912277985220488	3.388618739741997e-05	-0.00015630823744151507	3.3439843756605684e-05	1.0	1.0	8.723970098954232e-06	1.242444496405459e-05
0.1	-0.0001736661961170191	4.336759642142912e-05	-0.0001554779469393894	3.1869264741481615e-05	1.0	1.0	8.329427489994165e-06	1.0157550085895777e-05
0.12589	-0.0001662312300291861	3.881591954394676e-05	-0.00015453799540281053	3.192815770267269e-05	1.0	1.0	8.031259576406463e-06	8.347545574673554e-06
0.15849	-0.00014259324848315186	2.3403907023976847e-05	-0.00015329569279206085	3.358976541117387e-05	1.0	1.0	7.791057576203666e-06	6.932568532876564e-06
0.19953	-0.00015471379220609934	5.1909940721238185e-05	-0.00015150460312544106	3.6866888743019956e-05	1.0	1.0	7.596127209463018e-06	5.860846917630693e-06
0.25119	-0.00014922674959587116	4.210740628323776e-05	-0.0001488288431943646	4.178044006619049e-05	1.0	1.0	7.4476018056570275e-06	5.092451446516027e-06
0.31623	-0.0001475524150393453	5.560026502052228e-05	-0.0001448094470442282	4.83040032018911e-05	1.0	1.0	7.355544441496293e-06	4.590802564886144e-06
0.39811	-0.00014499345964930579	4.168009661226591e-05	-0.00013885288414822668	5.626540240262324e-05	1.0	1.0	7.340105853291761e-06	4.296874544255041e-06
0.50119	-0.00011360300167945325	5.311014094981575e-05	-0.00013027546855504866	6.521182339530059e-05	1.0	1.0	7.429512656217408e-06	4.102858336970844e-06
0.63096	-0.00011947533513179888	6.333103165451747e-05	-0.00011846261181086048	7.426839378786529e-05	1.0	1.0	7.635539002570003e-06	3.867307694981129e-06
0.79433	-8.991122178960297e-05	7.368459359367276e-05	-0.00010317595638635007	8.209958114274745e-05	1.0	1.0	7.899477361268593e-06	3.498919090477806e-06
1.0	-9.65680514105372e-05	8.946315310694462e-05	-8.492163397036462e-05	8.713528020447434e-05	1.0	1.0	8.062374289961785e-06	3.0876867956149745e-06
1.2589	-8.397915580131364e-05	8.685705973717643e-05	-6.510944594603603e-05	8.811610136179372e-05	1.0	1.0	7.94076453113798e-06	2.9250021974171876e-06
1.5849	-6.637409972246264e-05	9.40818328970606e-05	-4.571092661659829e-05	8.469157404694494e-05	1.0	1.0	7.473759724718559e-06	3.1308851967228757e-06
1.9953	-3.6925633028605456e-05	8.190994105596593e-05	-2.8550319916469688e-05	7.760169341190213e-05	1.0	1.0	6.786212029370071e-06	3.41787666270894e-06
2.5119	-1.3880238548762872e-05	7.185137882599327e-05	-1.4678119371240973e-05	6.827511788200436e-05	1.0	1.0	6.093833119778731e-06	3.5091231357035292e-06
3.1623	7.985352748145701e-06	6.129233667976558e-05	-4.256226487771298e-06	5.819115096833231e-05	1.0	1.0	5.556056390901992e-06	3.350010885664348e-06
3.9811	1.4745034207160998e-05	3.447943537739959e-05	3.1489310251827844e-06	4.845699899672661e-05	1.0	1.0	5.21303913519214e-06	3.0147123996159762e-06
5.0119	2.811814655992021e-05	9.549314678727494e-07	8.204913231714818e-06	3.9702483790898287e-05	1.0	1.0	5.023269179184148e-06	2.600164630418892e-06
6.3096	2.749054201267958e-05	-1.2316817478468128e-05	1.1563701467289082e-05	3.2176225404543295e-05	1.0	1.0	4.927343928257809e-06	2.1786960836179168e-06
7.9433	1.254939018279683e-05	4.757763430809208e-06	1.3754576204741751e-05	2.5889815225362367e-05	1.0	1.0	4.8810116577981945e-06	1.7909816132490772e-06
----------------------------------------------------------------------------------
File name: C:/Users/Nova/Desktop/Yuefan_data/Z2_18650_0p3A.mmfile
Re = 1.7636126731248775e-05	Std. Dev. = 4.970020327123475e-06
R1 = -0.00017363253500304984	Std. Dev. = 5.411530130487242e-06
Tau1 = 0.1325039667228669	Std. Dev. = 0.008387358962561202
C1 = -763.1286770105585	Std. Dev. = -53.8430906146215
R2 = -0.001377641258594953	Std. Dev. = 0.0003013368827082083
Tau2 = 194.37323684196258	Std. Dev. = 57.91298588777005
C2 = -141091.32956732332	Std. Dev. = -52149.8326772476
R3 = -6.707421150101682e-05	Std. Dev. = 2.975846142887564e-05
Tau3 = 16.97623572410471	Std. Dev. = 6.884380588150171
C3 = -253096.31442849475	Std. Dev. = -152130.32612359774

Ohmic Resistance = 1.7636126731248775e-05	Std. Dev. = 4.970020327123475e-06
Zero frequency Impedance = -0.001600711878367771	Std. Dev. = 0.00030289184318386584
Polarization Impedance = -0.0016183480050990197	Std. Dev. = 0.00030285106498948876
Overall Capacitance = -756.7538373539086	Std. Dev. = 52.98599300259815
Characteristic Frequency = -11.925107118542895	Std. Dev. = -0.5511180230861892
Chi-squared = 9.800826962659233e-09
Chi-squared/degrees of freedom = 1.556e-10
