freq	Zr data	Zj data	Zr model	Zj model	Real Weight	Imag. Weight	Real conf. interv.	Imag. conf. interv.
0.0031623	-0.0004468048603686807	0.00043077935167100693	-0.0004227047083600362	0.00040426743780831405	1.0	1.0	1.7306231700854703e-05	1.5627744059534747e-05
0.0039811	-0.0003532327454668769	0.0003592122265988856	-0.00035087906996221507	0.00035488210142457815	1.0	1.0	1.3637147979576667e-05	1.4916113879159757e-05
0.0050119	-0.00028992338616677237	0.0002887641200689698	-0.00029729642800386256	0.00030208274679021014	1.0	1.0	1.0607416962502e-05	1.3574100194995762e-05
0.0063096	-0.0002525875317431057	0.0002206226187594972	-0.00025941587438785637	0.00025153224064917783	1.0	1.0	8.470965948106526e-06	1.1852254957617628e-05
0.0079433	-0.0002459207208375463	0.00018305121885203078	-0.00023364186204578757	0.00020637094859497272	1.0	1.0	7.172205165823354e-06	1.003106330999553e-05
0.01	-0.00022789502431828495	0.00015313663219953302	-0.00021655710550004523	0.00016778877825813512	1.0	1.0	6.481095239947623e-06	8.306308759203344e-06
0.012589	-0.00021264538016270199	0.00013033573337139422	-0.00020542545541014101	0.00013579320218613087	1.0	1.0	6.148655222749465e-06	6.778202598463233e-06
0.015849	-0.00020943235085459964	0.00011220164345219337	-0.00019824748727936847	0.0001097976211321982	1.0	1.0	5.998049229777858e-06	5.478578514985902e-06
0.019953	-0.00020505865738197482	9.504661302437227e-05	-0.0001936452736182878	8.902077593142152e-05	1.0	1.0	5.931449514897257e-06	4.401954969615512e-06
0.025119	-0.0001919524283203053	7.865360175928304e-05	-0.00019069439677643315	7.266553423089559e-05	1.0	1.0	5.901797984397579e-06	3.525433099743459e-06
0.031623	-0.0001858328422786935	6.017369769547363e-05	-0.00018878524555264703	6.0015303229502435e-05	1.0	1.0	5.888027919594329e-06	2.8211609648865674e-06
0.039811	-0.00018001728122885813	5.878398790738105e-05	-0.0001875173198450548	5.047711821236196e-05	1.0	1.0	5.880945677615812e-06	2.2635323010872475e-06
0.050119	-0.00018307963271179626	4.6237065823590025e-05	-0.00018662159861954048	4.358156029413932e-05	1.0	1.0	5.876466823462025e-06	1.832742428388523e-06
0.063096	-0.00017986552638735306	4.387034786847221e-05	-0.0001859069039653592	3.8977631585753806e-05	1.0	1.0	5.872624710072728e-06	1.5175525300301277e-06
0.079433	-0.00017942859608532154	3.621575898862049e-05	-0.00018522060246525674	3.6422108433193154e-05	1.0	1.0	5.868285605613341e-06	1.316638867249185e-06
0.1	-0.00017927844170131116	3.232009746832743e-05	-0.000184417104521368	3.5767479210640935e-05	1.0	1.0	5.862632787113365e-06	1.2352368405032793e-06
0.12589	-0.00017544784636638216	3.185372082369306e-05	-0.00018332880772434828	3.694865196856996e-05	1.0	1.0	5.855077928648332e-06	1.274285766857799e-06
0.15849	-0.0001761866544988896	3.470317564573574e-05	-0.0001817343170768721	3.9966651528123224e-05	1.0	1.0	5.845608758423446e-06	1.4211881587597158e-06
0.19953	-0.0001755295843663517	4.2097257194330246e-05	-0.00017932362177818922	4.4859310825647825e-05	1.0	1.0	5.835907050023055e-06	1.6526786958790876e-06
0.25119	-0.00017418308530237227	5.135692027007572e-05	-0.00017565847110304414	5.165316948787052e-05	1.0	1.0	5.831781547328705e-06	1.939797301662453e-06
0.31623	-0.00017071639784074175	4.8461335166760986e-05	-0.00017013919976461222	6.0281833726698696e-05	1.0	1.0	5.847171162147541e-06	2.243896322508378e-06
0.39811	-0.00015764424240137395	6.155822618412526e-05	-0.00016201067636900372	7.044941108717477e-05	1.0	1.0	5.9072834591312406e-06	2.5075433959326876e-06
0.50119	-0.0001456432889326229	7.177206469382756e-05	-0.00015045667580704797	8.14589869238943e-05	1.0	1.0	6.0413407854441046e-06	2.6532909598111857e-06
0.63096	-0.00013869162274232665	9.009704569503956e-05	-0.00013485353087336392	9.206744702716669e-05	1.0	1.0	6.250740531554179e-06	2.6098042059616626e-06
0.79433	-0.00011869374782356342	9.791907462273233e-05	-0.00011518738574099136	0.00010053022652351575	1.0	1.0	6.4625589932819e-06	2.3870687535031897e-06
1.0	-9.915371681820061e-05	0.00010653514872924674	-9.245178413826891e-05	0.00010501596297579312	1.0	1.0	6.530652795254196e-06	2.174024402408766e-06
1.2589	-7.604166458910657e-05	0.00011017775630957276	-6.865392099731415e-05	0.00010434047649780375	1.0	1.0	6.330409595965209e-06	2.2387044656110795e-06
1.5849	-4.919240334713033e-05	9.964678862371982e-05	-4.6192502139775616e-05	9.856381255219186e-05	1.0	1.0	5.870601333104579e-06	2.5282759096992636e-06
1.9953	-2.4952916967760526e-05	9.68401384071969e-05	-2.6979746293653544e-05	8.894803670211986e-05	1.0	1.0	5.295927259861113e-06	2.754896561869729e-06
2.5119	2.6675045125630674e-07	8.196912408732279e-05	-1.1879472787974353e-05	7.730830414444212e-05	1.0	1.0	4.776948891418472e-06	2.7696850852017712e-06
3.1623	9.199030725293028e-06	6.313591716438139e-05	-7.790616079946213e-07	6.529314072054282e-05	1.0	1.0	4.406371838229439e-06	2.58879225553901e-06
3.9811	1.6439124696656222e-05	4.073494865882292e-05	6.98447792909199e-06	5.4022527163022353e-05	1.0	1.0	4.184453701442667e-06	2.291634369904783e-06
5.0119	1.671652502909486e-05	2.8375820035789597e-05	1.2227281888613507e-05	4.406946576755832e-05	1.0	1.0	4.066711775208383e-06	1.95359887792032e-06
6.3096	1.6211483533063223e-05	1.3588478855818102e-05	1.568457770763289e-05	3.5612123017925406e-05	1.0	1.0	4.00851960831327e-06	1.624085961436658e-06
7.9433	1.2419185797284917e-05	-1.2692686841351455e-08	1.7928795242159252e-05	2.8600471708286168e-05	1.0	1.0	3.98060430660064e-06	1.3281640997333662e-06
----------------------------------------------------------------------------------
File name: C:/Users/Nova/Desktop/Yuefan_data/Z2_18650_0p5A.mmfile
Re = 2.1883872380426623e-05	Std. Dev. = 4.062377258331319e-06
R1 = -0.00020766400982651193	Std. Dev. = 4.348207262442645e-06
Tau1 = 0.1437969086725499	Std. Dev. = 0.0061434726215448075
C1 = -692.4498317868449	Std. Dev. = -32.94565842346216
R2 = -0.0009247047667722796	Std. Dev. = 3.184891793392778e-05
Tau2 = 85.75012396093038	Std. Dev. = 3.3724350019316844
C2 = -92732.43422356818	Std. Dev. = -4847.884750822564

Ohmic Resistance = 2.1883872380426623e-05	Std. Dev. = 4.062377258331319e-06
Zero frequency Impedance = -0.0011104849042183648	Std. Dev. = 3.240005229854163e-05
Polarization Impedance = -0.0011323687765987915	Std. Dev. = 3.214436933522301e-05
Overall Capacitance = -687.3175078413581	Std. Dev. = 32.460185261509665
Characteristic Frequency = -10.581288398841465	Std. Dev. = -0.32257713298796886
Chi-squared = 7.198737035173572e-09
Chi-squared/degrees of freedom = 1.107e-10
