freq	Zr data	Zj data	Zr model	Zj model	Real Weight	Imag. Weight	Real conf. interv.	Imag. conf. interv.
0.0031623	-0.00038814081455351766	0.0003776121697789163	-0.0003657714778570601	0.0003729824491296783	1.0	1.0	2.385539145465508e-05	2.4871074821219475e-05
0.0039811	-0.0002843265682165259	0.0003100182289996863	-0.0003099068201384526	0.0003182728009784867	1.0	1.0	1.8241910499560144e-05	2.297958510364121e-05
0.0050119	-0.00026772540301668666	0.0002724674384194332	-0.0002703089490803459	0.0002661727414746296	1.0	1.0	1.4098662595407526e-05	2.029488931520819e-05
0.0063096	-0.0002414569911949861	0.0002176377932493442	-0.00024315189992425053	0.0002199237451054253	1.0	1.0	1.1420345268622043e-05	1.7358176094843818e-05
0.0079433	-0.00022679704448136726	0.00017160574558665738	-0.00022480011510684963	0.0001807299852869081	1.0	1.0	9.884464216308233e-06	1.4564329549982551e-05
0.01	-0.00021536718949594457	0.00014266006879337873	-0.00021231818891099237	0.00014854269661901151	1.0	1.0	9.090638711269601e-06	1.2125910712324064e-05
0.012589	-0.00019964463489260386	0.00012960660614577107	-0.00020353721911009725	0.00012266522392391835	1.0	1.0	8.726145148352619e-06	1.0111973345783737e-05
0.015849	-0.00019907184441530457	0.0001054202058726287	-0.0001969502379764581	0.00010211286744272238	1.0	1.0	8.596452285219858e-06	8.49789765740727e-06
0.019953	-0.00019797808759002315	8.605254659747847e-05	-0.00019159947637098113	8.584364595725952e-05	1.0	1.0	8.575342748562332e-06	7.2187533650096735e-06
0.025119	-0.0001817225290707029	6.985900156616919e-05	-0.0001869720903418051	7.288364080795116e-05	1.0	1.0	8.562567394640485e-06	6.214551692677798e-06
0.031623	-0.0001812210878008197	7.388775017813931e-05	-0.00018289266428679108	6.245058735276801e-05	1.0	1.0	8.480916807042498e-06	5.450473582167646e-06
0.039811	-0.00018001395015631842	5.637700885836009e-05	-0.00017937677628575922	5.4037572644412796e-05	1.0	1.0	8.29078461415125e-06	4.901443100739822e-06
0.050119	-0.00017558421014448667	5.064000466186239e-05	-0.00017646927715403508	4.739762476285255e-05	1.0	1.0	7.994248878739801e-06	4.525577713593515e-06
0.063096	-0.0001729646909432893	4.191091564214364e-05	-0.0001741409723566724	4.245758865883469e-05	1.0	1.0	7.622899680235319e-06	4.261624751827563e-06
0.079433	-0.00017433620255307035	4.203357839204736e-05	-0.0001722674219474324	3.922129424683864e-05	1.0	1.0	7.220027237089404e-06	4.049573511471559e-06
0.1	-0.0001751151927662403	3.0301895148992237e-05	-0.00017065424591163845	3.771342776307748e-05	1.0	1.0	6.826641901851579e-06	3.849783727965843e-06
0.12589	-0.0001705385172011784	3.309860567718104e-05	-0.00016906191649291983	3.79652936076672e-05	1.0	1.0	6.473484291271723e-06	3.6488314611064113e-06
0.15849	-0.00016587174938010484	3.7437667320363126e-05	-0.00016720659581631657	4.001790885520894e-05	1.0	1.0	6.177810011782307e-06	3.456060102379191e-06
0.19953	-0.0001668442116174495	4.012831532671381e-05	-0.0001647399063006118	4.3916352346463764e-05	1.0	1.0	5.945275810182009e-06	3.295519109463133e-06
0.25119	-0.0001592961961039575	5.816932760700244e-05	-0.00016121283310048195	4.968042243952707e-05	1.0	1.0	5.775768475880521e-06	3.192473525653535e-06
0.31623	-0.00016029777535876084	4.714540647248435e-05	-0.00015604165141031923	5.723927836385346e-05	1.0	1.0	5.6722879401600195e-06	3.1542392420667755e-06
0.39811	-0.00014295284205113456	7.263165443167597e-05	-0.00014850841561616415	6.631127753646771e-05	1.0	1.0	5.648295114949503e-06	3.1508873881450702e-06
0.50119	-0.00014389871695390488	6.669113070519665e-05	-0.00013784236817158661	7.624767712200581e-05	1.0	1.0	5.723143973116478e-06	3.111387203079683e-06
0.63096	-0.000119917075332937	9.23192729447649e-05	-0.00012344863441745302	8.589710507181316e-05	1.0	1.0	5.8917664039591406e-06	2.9546148077002545e-06
0.79433	-0.00010404069571351016	8.795567354271282e-05	-0.00010529066730288838	9.364099773124732e-05	1.0	1.0	6.078208419806855e-06	2.666896168944787e-06
1.0	-9.319604156974143e-05	9.467380494035239e-05	-8.426152699513065e-05	9.776888573964633e-05	1.0	1.0	6.134503042334333e-06	2.394216686538525e-06
1.2589	-7.4306843140174e-05	0.00010420868087491557	-6.220128582416288e-05	9.715487101902339e-05	1.0	1.0	5.931556501620083e-06	2.369866154088179e-06
1.5849	-4.4848978723199356e-05	9.946654701785807e-05	-4.133209886629072e-05	9.181994058666965e-05	1.0	1.0	5.46953531758855e-06	2.5750361872476436e-06
1.9953	-2.6659061557564896e-05	8.743353183359839e-05	-2.344364433133099e-05	8.290868804034227e-05	1.0	1.0	4.88477676939833e-06	2.7535867398672182e-06
2.5119	-6.939372184730744e-06	7.095309443215456e-05	-9.359571824705393e-06	7.209596311850188e-05	1.0	1.0	4.346226166578725e-06	2.7503410604820744e-06
3.1623	4.499062442017247e-06	6.164783837756342e-05	1.0077347256865672e-06	6.091543850929546e-05	1.0	1.0	3.952565401520479e-06	2.568373620346236e-06
3.9811	2.1897461606266703e-05	4.4128409227410844e-05	8.26558337597397e-06	5.041529484828128e-05	1.0	1.0	3.7113312525770783e-06	2.277446441318779e-06
5.0119	1.9451346635502542e-05	2.3478161042812923e-05	1.3170173378537465e-05	4.113518953017867e-05	1.0	1.0	3.5810902897625547e-06	1.947032109903555e-06
6.3096	2.172462283071571e-05	3.0594078379603154e-06	1.640588982175333e-05	3.3245485327960896e-05	1.0	1.0	3.5163287910285095e-06	1.6236084388574933e-06
7.9433	1.5789352180557836e-05	-3.0615019086926302e-06	1.850689259623971e-05	2.6702179926932158e-05	1.0	1.0	3.485602574672414e-06	1.3314379845559952e-06
----------------------------------------------------------------------------------
File name: C:/Users/Nova/Desktop/Yuefan_data/Z2_18650_0p4A.mmfile
Re = 2.221076166129427e-05	Std. Dev. = 3.553772248355715e-06
R1 = -0.0001924200194806005	Std. Dev. = 4.181134704301252e-06
Tau1 = 0.1430263404385259	Std. Dev. = 0.006362771213895425
C1 = -743.3028061456237	Std. Dev. = -36.800814532164424
R2 = -0.0009690075705974767	Std. Dev. = 4.984039225244388e-05
Tau2 = 108.59034947604066	Std. Dev. = 7.501602165905822
C2 = -112063.46861571509	Std. Dev. = -9651.639092028712
R3 = -2.4528783349313465e-05	Std. Dev. = 6.6755401048235994e-06
Tau3 = 5.692461546279466	Std. Dev. = 2.6510369500812834
C3 = -232072.7231030312	Std. Dev. = -125180.00150242724

Ohmic Resistance = 2.221076166129427e-05	Std. Dev. = 3.553772248355715e-06
Zero frequency Impedance = -0.0011637456117660962	Std. Dev. = 5.058397691144175e-05
Polarization Impedance = -0.0011859563734273905	Std. Dev. = 5.045898753427469e-05
Overall Capacitance = -736.0630658393188	Std. Dev. = 36.111793642987244
Characteristic Frequency = -9.735127718713683	Std. Dev. = -0.25929871474990307
Chi-squared = 5.1773495842050586e-09
Chi-squared/degrees of freedom = 8.218e-11
