freq	Zr data	Zj data	Zr model	Zj model	Real Weight	Imag. Weight	Real conf. interv.	Imag. conf. interv.
0.0031623	-0.00041673062427357427	0.00041073829026350346	-0.00040210936710598466	0.00039346127930181107	1.0	1.0	1.5089895041559816e-05	1.4337727860853153e-05
0.0039811	-0.0003266644432063411	0.0003414528127602402	-0.00033418201290534	0.00034312199795823563	1.0	1.0	1.1762217181934726e-05	1.3546826577343188e-05
0.0050119	-0.0002792035838464642	0.0002818803734817968	-0.00028408926710201884	0.0002906507936967446	1.0	1.0	9.084247673702529e-06	1.2213351399487985e-05
0.0063096	-0.00024669053711173935	0.00022066326642260008	-0.00024897130911754727	0.00024119167542234878	1.0	1.0	7.232712289876025e-06	1.058704816259665e-05
0.0079433	-0.00023586189695826756	0.00017991896921091963	-0.00022521522220607273	0.00019744182204896912	1.0	1.0	6.124535043452536e-06	8.91412003663046e-06
0.01	-0.00022128445272766897	0.00015259779098322212	-0.00020952910813788335	0.00016030414413368668	1.0	1.0	5.541894883754506e-06	7.355590663782907e-06
0.012589	-0.00020569984576960458	0.0001314243331457394	-0.00019933443513891908	0.0001296356238052103	1.0	1.0	5.263981706348874e-06	5.988511466910449e-06
0.015849	-0.00020398713522850833	0.00011163206753504417	-0.00019277078197403206	0.00010478952986333836	1.0	1.0	5.1387171018915984e-06	4.8330112772652055e-06
0.019953	-0.00020036705583323204	9.424725908919356e-05	-0.00018856567854610024	8.49736929479819e-05	1.0	1.0	5.083456169081903e-06	3.879449237354602e-06
0.025119	-0.00018643998018869957	7.720212193888271e-05	-0.0001858692763606533	6.940407619852981e-05	1.0	1.0	5.05885634027778e-06	3.1049361714765087e-06
0.031623	-0.00018343381117424425	6.480405798396279e-05	-0.00018412239494401797	5.738633593497413e-05	1.0	1.0	5.047405621988233e-06	2.4834527461961893e-06
0.039811	-0.00017929490638236416	5.876889799329334e-05	-0.00018295769445807528	4.835100478843715e-05	1.0	1.0	5.041480988975594e-06	1.991608566108572e-06
0.050119	-0.00017892393215869224	4.96603734694582e-05	-0.00018212769549294207	4.185029282944891e-05	1.0	1.0	5.037694260682282e-06	1.6114116805788964e-06
0.063096	-0.00017517357541690172	4.463639962739896e-05	-0.0001814551138799792	3.755161545399315e-05	1.0	1.0	5.034406668270033e-06	1.332489881503265e-06
0.079433	-0.00017516672559782053	3.936885650102635e-05	-0.00018079629777956508	3.5226659708907644e-05	1.0	1.0	5.0306651545845455e-06	1.1532207762547625e-06
0.1	-0.00017755656850948004	3.452604545445477e-05	-0.00018001156920245865	3.473947081137132e-05	1.0	1.0	5.025778653760928e-06	1.0779564219321325e-06
0.12589	-0.00017318528232549552	3.4591938173490854e-05	-0.00017893742154685485	3.60334181283773e-05	1.0	1.0	5.019255318435516e-06	1.1076939708130857e-06
0.15849	-0.00017016923286925054	3.617180683083713e-05	-0.00017735566543924602	3.911517899125658e-05	1.0	1.0	5.011118666545711e-06	1.2316711377351067e-06
0.19953	-0.00017114532828436008	4.420547951656244e-05	-0.00017495939870257579	4.402553086785631e-05	1.0	1.0	5.00289938812622e-06	1.4294497724035584e-06
0.25119	-0.00016769281096008993	5.414636753771419e-05	-0.0001713143109077309	5.0791461714225584e-05	1.0	1.0	4.999775023512244e-06	1.675342047182961e-06
0.31623	-0.00016563452194399606	5.050268253925711e-05	-0.00016582683143890215	5.9344744989448325e-05	1.0	1.0	5.014046647725469e-06	1.9351900284151846e-06
0.39811	-0.00015234500470339936	6.455169925072526e-05	-0.0001577520420356926	6.938631732944011e-05	1.0	1.0	5.0677192633236e-06	2.1586654869687115e-06
0.50119	-0.00014215480110035627	7.038634762010322e-05	-0.00014629049775597526	8.021747571802149e-05	1.0	1.0	5.185732303775182e-06	2.2786072644314927e-06
0.63096	-0.00013165009135604136	8.999551207194768e-05	-0.00013084310274906678	9.06006808516305e-05	1.0	1.0	5.367737746510081e-06	2.2345727468996466e-06
0.79433	-0.00011191666992963548	9.466220080696727e-05	-0.00011142414352682813	9.881323013636095e-05	1.0	1.0	5.548317799171722e-06	2.0391340118377473e-06
1.0	-9.721280889498233e-05	0.00010341090963038126	-8.90449332582547e-05	0.00010306755600652243	1.0	1.0	5.600451028145071e-06	1.8608830294525856e-06
1.2589	-7.624721712098272e-05	0.00010811495971370749	-6.570092735308844e-05	0.00010223617610697757	1.0	1.0	5.419508407838285e-06	1.9270536319191864e-06
1.5849	-4.952436010040939e-05	0.00010083246950498593	-4.374334720537153e-05	9.642274535008022e-05	1.0	1.0	5.017995802889852e-06	2.1789693362328713e-06
1.9953	-2.648569557152943e-05	9.459632585567083e-05	-2.501944198947011e-05	8.689641754685823e-05	1.0	1.0	4.523352347740594e-06	2.368611841123371e-06
2.5119	-2.9949975463010206e-06	7.972159543771434e-05	-1.0340684520852025e-05	7.544321760793483e-05	1.0	1.0	4.081141035163696e-06	2.3743712027711303e-06
3.1623	7.826269319542947e-06	6.430127840083513e-05	4.2899482851181815e-07	6.366694489670314e-05	1.0	1.0	3.7678435253813567e-06	2.213953193199194e-06
3.9811	1.7847030340741116e-05	4.285000111351522e-05	7.950740309271417e-06	5.264750989648881e-05	1.0	1.0	3.581306577891234e-06	1.9563857010433932e-06
5.0119	1.8574322220469398e-05	2.623443832505576e-05	1.302538573105904e-05	4.293150597358915e-05	1.0	1.0	3.482703847222177e-06	1.6657930947726894e-06
6.3096	1.8830425115281323e-05	1.0020846328163994e-05	1.636964506689497e-05	3.468387390878413e-05	1.0	1.0	3.4340629572639813e-06	1.3837146530435494e-06
7.9433	1.3414218622012628e-05	1.3283386626738964e-06	1.853957534857882e-05	2.7850462342990274e-05	1.0	1.0	3.410739357534539e-06	1.130999057139534e-06
----------------------------------------------------------------------------------
File name: C:/Users/Nova/Desktop/Yuefan_data/Z2_18650.mmfile
Re = 2.2361985825250475e-05	Std. Dev. = 3.481351478834883e-06
R1 = -0.00020375854913297651	Std. Dev. = 3.7287969959043606e-06
Tau1 = 0.1449101545876974	Std. Dev. = 0.005415730703914354
C1 = -711.1856420469819	Std. Dev. = -29.594516476058633
R2 = -0.0009200363020261598	Std. Dev. = 2.9439549715348562e-05
Tau2 = 89.58600580371194	Std. Dev. = 3.245003706913742
C2 = -97372.25108011521	Std. Dev. = -4706.149930100383

Ohmic Resistance = 2.2361985825250475e-05	Std. Dev. = 3.481351478834883e-06
Zero frequency Impedance = -0.0011014328653338858	Std. Dev. = 2.9878266726808816e-05
Polarization Impedance = -0.0011237948511591362	Std. Dev. = 2.9674753823395823e-05
Overall Capacitance = -706.0289608135694	Std. Dev. = 29.167952615570645
Characteristic Frequency = -10.0806200945976	Std. Dev. = -0.2584174603923356
Chi-squared = 5.312322423425559e-09
Chi-squared/degrees of freedom = 8.173e-11
