freq	Zr data	Zj data	Zr model	Zj model	Real Weight	Imag. Weight	Real conf. interv.	Imag. conf. interv.
0.01	-405.4828350285676	498.434447500212	-331.9641158939512	584.6982359112196	1.0	1.0	2530.195495854756	3490.500702537205
0.012627	-310.5963696430402	459.4287679854142	-319.6935840522021	468.9896115910475	1.0	1.0	2138.394244456891	3014.545111507624
0.015944	-297.87176417700465	404.4636579681517	-311.8698225141253	378.4929358958974	1.0	1.0	1816.9379686949983	2589.3933607826702
0.020133	-235.15552652444896	317.94762034576047	-306.77627450204136	308.4577834562933	1.0	1.0	1549.286039788868	2217.6185244470767
0.025422	-200.58909577533774	218.31497057626873	-303.29305147878546	255.17350770951867	1.0	1.0	1320.7632289875103	1898.3437562598092
0.0321	-123.72492910596327	224.4235952157859	-300.6514842995443	215.76234758936923	1.0	1.0	1118.4622548595692	1628.216820316317
0.040533	-162.85313007224707	181.35464524844636	-298.26922309292326	188.06732705543146	1.0	1.0	933.3962071667164	1401.1176555678596
0.051182	-148.74204502482746	183.85282818712457	-295.6246973995011	170.54325638361107	1.0	1.0	761.7008998433855	1208.647206392268
0.064628	-161.05510492235794	184.6328292520497	-292.14698959204617	162.1456677982685	1.0	1.0	604.7077095075684	1041.492613922715
0.081606	-175.27838431700985	204.37372037746024	-287.1023504525909	162.23011238930496	1.0	1.0	467.8688367467909	891.6023385433422
0.10304	-189.492676671381	247.235706367911	-279.466151656689	170.43331384063634	1.0	1.0	357.6217244535064	754.5331722213821
0.13011	-151.97546783157796	308.13204333592785	-267.7679097409902	186.50066299022936	1.0	1.0	277.33700160069895	629.7455309460462
0.1643	-175.76750741671773	363.2175651515268	-249.95245890896487	209.98655933675394	1.0	1.0	225.24593026159033	518.8608264178
0.20746	-178.34079691258705	434.04063873611216	-223.34261067054564	239.76074467179964	1.0	1.0	195.08077486202254	423.42972781273056
0.26196	-163.09500657012183	490.04515775840224	-184.83711734512983	273.3785513382599	1.0	1.0	179.03832476260695	343.67129663679844
0.33078	-110.11265180525314	547.570272489434	-131.71205495079857	306.3602103439519	1.0	1.0	170.80072362591335	278.5456381176341
0.41767	-54.55932203591193	594.8645587276823	-63.13532297962	332.00598728374416	1.0	1.0	166.18687500544704	226.2321202971703
0.5274	37.25954701148848	600.2586313277844	18.0579826478909	342.52366821253474	1.0	1.0	162.24118236116786	184.91128347523227
0.66595	125.92132833629717	569.0462052536338	104.5457832251491	331.688392190984	1.0	1.0	156.74191300311836	153.41919071079423
0.8409	197.24886267604586	509.9560764336717	186.19321876749817	297.76280063391056	1.0	1.0	148.70082334550355	130.87389853101377
1.0618	242.86119120944684	428.7501412018332	253.48090128485353	244.3562937372165	1.0	1.0	138.7733924086072	115.6795236014204
1.3407	267.51318430371447	351.26740603572676	300.3252559948875	178.59925561748688	1.0	1.0	128.66976176487077	105.38112723408081
1.693	270.0971053843703	261.8497210060346	324.6094072356025	108.42288330960422	1.0	1.0	120.031918565146	97.601731306912
2.1377	249.16026360134114	199.96596148905886	327.1463111424261	41.086285223882456	1.0	1.0	113.66911768660361	90.71316191031178
2.6993	223.11086193626383	144.5082152054017	310.8379022045095	-17.358084996562294	1.0	1.0	109.28788699734801	83.89283452519915
3.4084	197.2883021352539	103.83612960740909	280.41485941747624	-62.16747286816762	1.0	1.0	105.66144517573207	77.15406104448121
4.3039	166.8957247101081	74.08217071799851	242.16085310645687	-90.77666028791513	1.0	1.0	101.22350933945194	71.17508460485763
5.4345	139.49460108954563	51.447353880126336	202.75225494831173	-103.59672253129908	1.0	1.0	94.88663372392506	66.62766603891225
6.8622	118.00578977422303	36.237131206532155	167.45259280160408	-103.7940249324518	1.0	1.0	86.50610482339643	63.42763438424341
8.6649	99.77553655317793	20.85300020460389	139.02202523654074	-95.82619465176111	1.0	1.0	76.76639829995113	60.75807020957576
10.941	88.95396878262763	13.123551740435808	117.87113564027347	-83.83804909870373	1.0	1.0	66.71347487781769	57.74629492130145
13.816	76.36148350884082	3.4392742317286484	103.00323051746695	-70.78954379614419	1.0	1.0	57.289525821240744	53.97022875368077
17.445	70.53202104301653	0.4140693505133987	92.96283140871823	-58.40705630846799	1.0	1.0	49.08979901889434	49.48448100076872
22.028	62.89278944248563	-6.160280406964684	86.35562194587472	-47.47394275732928	1.0	1.0	42.31194008348995	44.58737964422176
27.815	49.024063368144354	-4.858878495326007	82.08312472492949	-38.220089993009715	1.0	1.0	36.888934724301734	39.613054109786795
35.122	58.688116405363836	-20.977021382430003	79.35113704148809	-30.583899686968127	1.0	1.0	32.629193697926894	34.817076404486514
44.349	38.41985781184132	-16.997909115011293	77.61649248099019	-24.379278444136943	1.0	1.0	29.31859114565594	30.355436707220402
55.999	22.300569711141648	-6.371355296180905	76.52020656026147	-19.386728499678018	1.0	1.0	26.77295530605055	26.30072392456941
70.711	78.31491531060153	-27.209397316607372	75.82921536092029	-15.392737802625533	1.0	1.0	24.854079431766678	22.660600946657617
89.287	30.871520505449787	-27.93240301558309	75.39454036960878	-12.210020140829561	1.0	1.0	23.46267284933615	19.40404859386976
112.74	24.153554784608552	-14.42795889329531	75.12141953972205	-9.679811639122208	1.0	1.0	22.51622433530472	16.483307817812545
142.36	35.57834414602737	-21.52428614730499	74.94987980746899	-7.670669518999266	1.0	1.0	21.927921780978316	13.857327336398448
179.76	52.692096264426795	-28.955105092473875	74.8422194456596	-6.077171818117738	1.0	1.0	21.5998805193229	11.511083720060174
226.98	52.10566558065945	-4.560266669308485	74.77467096950495	-4.814106483934733	1.0	1.0	21.436490667806023	9.449034239795244
286.61	43.23567925921857	-12.002475259564203	74.73228849356475	-3.8131170638509095	1.0	1.0	21.36359885858926	7.676389580192021
361.91	36.74151593474986	-21.263123213870486	74.70570095482907	-3.0200467645780664	1.0	1.0	21.33462102916895	6.185985133113784
456.99	28.049416232826385	-15.510502698752584	74.68902465086983	-2.3918524263051997	1.0	1.0	21.32474641741164	4.955838700462979
577.04	29.806439930773443	-16.889985740333678	74.6785655059578	-1.894314059842497	1.0	1.0	21.32233488897116	3.954379237329936
728.63	27.785228485830544	-14.586033795749062	74.67200520006418	-1.5002422972333247	1.0	1.0	21.3224550017717	3.1468052628276997
920.05	27.76849986444028	-16.434803240903204	74.6678904327851	-1.188129127753256	1.0	1.0	21.3232115049793	2.4997547604441346
----------------------------------------------------------------------------------
File name: C:/Users/Nova/Desktop/Yuefan_data/Z2_coin.mmfile
Re = 74.66096816138517	Std. Dev. = 21.91601025277217
R1 = -784.4079799136714	Std. Dev. = 121.86439649455217
Tau1 = 0.2538286553846869	Std. Dev. = 0.049690827485771104
C1 = -0.00032359264806640825	Std. Dev. = -8.087244681858954e-05
R2 = 410.25269750760043	Std. Dev. = 123.89388600086069
Tau2 = 0.04104576663460113	Std. Dev. = 0.014706218514446538
C2 = 0.00010004996160650646	Std. Dev. = 4.688180855628597e-05
R3 = -10092.340628652035	Std. Dev. = 28449.958715905712
Tau3 = 279.29329758847825	Std. Dev. = 790.4709307368117
C3 = -0.027673788258351872	Std. Dev. = -0.11054596897053347

Ohmic Resistance = 74.66096816138517	Std. Dev. = 21.91601025277217
Zero frequency Impedance = -10391.834942896721	Std. Dev. = 28450.497919621128
Polarization Impedance = -10466.495911058106	Std. Dev. = 28450.489478440624
Overall Capacitance = 0.00014559079746934213	Std. Dev. = 0.00010066191840170406
Characteristic Frequency = 14.6417365891602	Std. Dev. = 1.7503739659408448
Chi-squared = 929309.2322544409
Chi-squared/degrees of freedom = 9993
