freq	Zr data	Zj data	Zr model	Zj model	Real Weight	Imag. Weight	Real conf. interv.	Imag. conf. interv.
0.01	-0.04732489250905319	0.09500647017389352	-0.05808467319723077	0.10334162862119226	1.0	1.0	0.008537305746254076	0.008717905015799597
0.012589	-0.04062839239577411	0.08684095033331107	-0.04249824088506627	0.09100847330012414	1.0	1.0	0.006558871580239253	0.008128776811969607
0.015849	-0.03165396883733658	0.08171506423714557	-0.031100421461746963	0.07934849546023895	1.0	1.0	0.00505702507239678	0.007234060565434176
0.019953	-0.02763505586216618	0.07462246258089365	-0.02288157658789937	0.06942060943249495	1.0	1.0	0.00406907342800235	0.0062166086765086965
0.025119	-0.01894536829473649	0.07098382758778518	-0.016771320386333832	0.06171272070786814	1.0	1.0	0.00350092963587893	0.005223341550529628
0.031623	-0.012431009383459993	0.0650300142719222	-0.01179938012710846	0.056324287790226066	1.0	1.0	0.0032097191162699123	0.004342697454113941
0.039811	-0.005724422830554798	0.060854556393304386	-0.007124677713779032	0.053104892386340904	1.0	1.0	0.0030770535102355966	0.0036144898726222577
0.050119	0.0021662412765803057	0.0591473605064824	-0.0020167614031899733	0.05170362952652208	1.0	1.0	0.0030374496701849776	0.0030401235646914724
0.063096	0.008118748008602381	0.055140162231505786	0.004131102796571556	0.051557733082757656	1.0	1.0	0.0030650386000216443	0.0025870400091560536
0.079433	0.01370601774288064	0.053086245000983724	0.011713942673652042	0.051872323425318285	1.0	1.0	0.0031393692764571453	0.0022028289206235383
0.1	0.022444231498273858	0.049826592013239274	0.020757831418200645	0.05168224984854973	1.0	1.0	0.0032120002971322142	0.0018584102919528538
0.12589	0.028842382980668324	0.046385625151792474	0.03079332021372292	0.05007054382536538	1.0	1.0	0.00320851214972879	0.0015953343303778931
0.15849	0.03641954323558373	0.04276231786638969	0.04093025710292375	0.04648643581010555	1.0	1.0	0.0030779878017716017	0.0014858981339354945
0.19953	0.04459927788286098	0.03932719918076288	0.0501666246849225	0.04094851454484114	1.0	1.0	0.002839024304731458	0.0015001528018022585
0.25119	0.05068722347944713	0.03466660351350598	0.057768348996060315	0.03394802845148763	1.0	1.0	0.002566026677302084	0.001523002815222617
0.31623	0.0580715992218101	0.03011700043920497	0.06343786938379395	0.026137401314653495	1.0	1.0	0.002331936353063494	0.0014897814198271432
0.39811	0.06392029483718425	0.023020148418919806	0.0672237646200377	0.018054385006137978	1.0	1.0	0.0021680497879003145	0.0014091463955061708
0.50119	0.06877264649269431	0.014261127111023281	0.06932528360885067	0.01000804371354032	1.0	1.0	0.0020674999789780345	0.0013205341672116611
0.63096	0.07062420566874694	0.00451847971980051	0.06992184308872598	0.0021115746765672933	1.0	1.0	0.0020109924080936176	0.00125979997447262
0.79433	0.07155062289751378	-0.005175727740394489	0.06908060665027002	-0.005617602700581446	1.0	1.0	0.001986376435681679	0.0012404178834317884
1.0	0.06851621800178256	-0.014574139223278142	0.06673651519385569	-0.01314095247319597	1.0	1.0	0.0019949506250306398	0.0012460692168414721
1.2589	0.06348261903102607	-0.0234333771991147	0.0627383467046958	-0.020286640248879866	1.0	1.0	0.002046055058340665	0.0012371475434920847
1.5849	0.0562161848669512	-0.030611348373476236	0.056963964922799586	-0.026674183150107084	1.0	1.0	0.0021378718470227076	0.001172452143524604
1.9953	0.0484262509997692	-0.034914952508115396	0.04950313027417507	-0.03172164234193836	1.0	1.0	0.0022331068506293	0.001046673659527614
2.5119	0.03952955925052238	-0.037399449282746584	0.04081554402694231	-0.03481704214373359	1.0	1.0	0.0022617938622482925	0.0009311311984528318
3.1623	0.030626910708970327	-0.037443097076211886	0.031723859608514676	-0.035603758672699895	1.0	1.0	0.002166553041710679	0.0009337507497949836
3.9811	0.022494521765237484	-0.03584551322231325	0.023174226108403	-0.03419950747324977	1.0	1.0	0.0019503543883790586	0.0010353213240304221
5.0119	0.015240782175275611	-0.03323986369348773	0.015892229179920805	-0.03116330496464283	1.0	1.0	0.0016758545951758438	0.0011172570831986203
6.3096	0.009336995335280429	-0.02947391439973928	0.010191019255040129	-0.02723777591908725	1.0	1.0	0.0014203023967249342	0.001117078500580212
7.9433	0.0053541387870485535	-0.025344670485126796	0.0060137573923092855	-0.023080629799723626	1.0	1.0	0.001231938728925605	0.001040505308043579
10.0	0.0021730613783042616	-0.020644099728864142	0.0030991321136006156	-0.019134171637382767	1.0	1.0	0.0011176211317924835	0.000918994214727846
12.589	8.769493672080263e-05	-0.0158849361308852	0.0011342366937335344	-0.015627731108762897	1.0	1.0	0.0010583232611866182	0.0007822939557878975
15.849	-0.0006572336921174321	-0.012036292962934904	-0.0001602754775385686	-0.012637513328640783	1.0	1.0	0.0010309383185181514	0.0006497122451637565
19.953	-0.000578525907728656	-0.009771361097527109	-0.0009998858510374454	-0.010153719527554566	1.0	1.0	0.0010193062481655677	0.0005309959741284147
25.119	-0.0009172566986122167	-0.007933496436689433	-0.0015390100140208185	-0.00812442005918403	1.0	1.0	0.001014682815296152	0.0004295067291960848
31.623	0.0003227423262763419	-0.007511574625844417	-0.0018830396143032781	-0.006483312748707407	1.0	1.0	0.0010129688767906888	0.0003451144069130779
39.811	0.0007559509412420565	-0.006840633200729746	-0.0021016553181149944	-0.0051649536903485465	1.0	1.0	0.001012397650778358	0.00027613683331338175
50.119	-0.0005324126084783722	-0.0047635710974390025	-0.0022402141041888896	-0.004110264705330352	1.0	1.0	0.0010122481186599554	0.00022035545020914485
63.096	0.0004410953229707984	-0.004464975171489248	-0.0023278883126693108	-0.003268718255699977	1.0	1.0	0.001012239668550902	0.00017554447464341422
79.433	0.0014252086253371075	-0.004582541863958752	-0.0023833065612036486	-0.002598355658565475	1.0	1.0	0.0010122690197317257	0.00013969647881237576
----------------------------------------------------------------------------------
File name: C:/Users/Nova/Desktop/Yuefan_data/Z2_pouch_2.mmfile
Re = -0.0024782358776071437	Std. Dev. = 0.0010404041326358443
R1 = -0.244524867795006	Std. Dev. = 0.017134470651639668
Tau1 = 32.28676946727212	Std. Dev. = 2.91233152323537
C1 = -132.03879735593716	Std. Dev. = -15.081674105030803
R2 = 0.08016966214717869	Std. Dev. = 0.0017884060993221397
Tau2 = 0.05811727160327251	Std. Dev. = 0.002559974894635023
C2 = 0.7249284835026308	Std. Dev. = 0.0357934209274966
R3 = -0.08847746060490101	Std. Dev. = 0.002245333598138499
Tau3 = 1.2051479980164213	Std. Dev. = 0.06088023703701931
C3 = -13.620960522341944	Std. Dev. = -0.7700318437752964

Ohmic Resistance = -0.0024782358776071437	Std. Dev. = 0.0010404041326358443
Zero frequency Impedance = -0.25531090213033547	Std. Dev. = 0.01740438004107383
Polarization Impedance = -0.2528326662527283	Std. Dev. = 0.01737325541903196
Overall Capacitance = 0.770145094328225	Std. Dev. = 0.040476012647535774
Characteristic Frequency = -83.38826507134047	Std. Dev. = -5.615149104065012
Chi-squared = 0.0009796339376022436
Chi-squared/degrees of freedom = 1.342e-05
