-2.561477514256583002e-02
-6.895653677985691095e-04
-2.788257468890181084e-02
-1.747503705456410596e-03
-2.890703058175755208e-02
-1.495757134188021925e-03
-2.824342036606123513e-02
-4.016388021721328696e-04
-2.937491652312870793e-02
1.451720991289567669e-03
-2.957584855247371095e-02
3.073082529739397297e-03
-2.998874215991845227e-02
5.186921089128105657e-03
-2.867720984233481860e-02
6.790263491636494043e-03
-2.745504219579503191e-02
1.032476267586426855e-02
-2.517346765022872995e-02
1.244073078802938534e-02
-2.219418463203856953e-02
1.480402116207300313e-02
-1.902839496646737891e-02
1.636373586901711252e-02
-1.518729422336767554e-02
1.738438735749324796e-02
-1.107522085281805249e-02
1.695287333150098663e-02
-7.721269422325380619e-03
1.603934825307274520e-02
-4.262583542898165136e-03
1.420242887204497401e-02
-1.496282800141149338e-03
1.270800906705383745e-02
6.673344843223824423e-04
1.012271430329805648e-02
1.830870844943164114e-03
7.733664044817836411e-03
2.470757955484586925e-03
5.593725105952619854e-03
2.517387954617872868e-03
3.611102540003053273e-03
2.223722695673415167e-03
2.253571023024014339e-03
1.709801907602724472e-03
1.122130071816576386e-03
1.320590653699671609e-03
4.870552970048609904e-04
7.509428594355215501e-04
9.781334323651881752e-05
4.349292575460113417e-04
-3.934030294135351392e-05
2.019894683920917889e-04
-1.205965749861201539e-04
8.264079805691522472e-06
-2.126910426669233938e-04
-6.990866560215140701e-05
-9.933898930544098407e-05
-3.828821962611522387e-05
2.256426010405860000e-04
-1.651412924215339782e-04
-6.982186919777977232e-05
-2.610860741146713774e-04
-1.865614352467388152e-05
-4.576157332468954136e-04
-2.204797250634405088e-05
3.107878107331101263e-05
-2.304508874577779643e-05
-9.109087901933253918e-05
5.281265019424749075e-05
-9.499091395830813419e-05
6.986673546820616450e-05
-9.701622684208707347e-06
-1.347074941137779117e-04
3.783056687341353457e-05
-5.949831845321057743e-05
1.312876880263527608e-05
-1.651237209846178580e-04
5.123142325309416466e-05
-4.971014638628954108e-05
1.637283295567757509e-05
-1.306787002327035655e-04
-1.778985463122873700e-05
-1.004420175613837554e-04
-6.153052905705618252e-05
-9.402373946322569571e-05
-1.620989752806463617e-05
-1.312046962071663526e-04
-6.639394768738506839e-05
-8.042291593307559735e-05
-3.223547142723730025e-05
-6.741358279127689361e-05
-5.774528831032817720e-05
-9.062505415662735076e-05
-5.499490470162333164e-05
-1.007602293536087682e-04
-3.767532500542192903e-05
-5.317692033845074071e-05
-5.063314756069233798e-05
-5.940285516934495626e-05
-3.560346963219755570e-05
-2.163421389061413668e-05
-1.853609997605715714e-05
-6.739829468217013904e-05
-2.453103363499074065e-05
9.982705315490044193e-06
3.935282473686912898e-06
-6.011976200973260777e-05
2.223601179602495382e-05
-7.680303646556268246e-05
-9.091175043512168808e-05
-4.013963885142617002e-05
-7.001432720045913443e-05
-6.552351126229174181e-05
-7.758094521712123365e-05
-8.360632281128548666e-05
-1.611841618568898502e-04
-9.827815060751434427e-05
-1.323960570260038303e-04
-1.084049089427959221e-04
-1.560551263171182737e-04
-3.247728052810268791e-05
-2.119905386514021905e-04
-2.877753668212824846e-05
-7.483755172180172385e-05
1.609602641340667208e-05
-8.044139530519360602e-06
-2.299721342556947096e-05
