1.288515473177702375e-04
1.106018313316896578e-03
9.425840165382333750e-05
8.317492863616865418e-04
-5.103392874867236704e-07
6.942946709585282429e-04
-7.875793997422891044e-05
5.669950315865474391e-04
4.576763157100629240e-06
4.309399703004206605e-04
-7.762966903271387100e-05
3.996443508315826953e-04
-6.722337215332005911e-05
3.024888342440414232e-04
-1.338764274577580499e-04
2.766785431695150451e-04
-7.556395314681263779e-05
1.397130880632495319e-04
-9.104816685946355603e-05
1.715102456342787484e-04
-9.541224609426887866e-05
1.772750510922859596e-04
-1.341610590769323839e-04
1.308114482361545379e-04
-8.556423071554466033e-05
9.980378133034335374e-05
-1.459080273491897934e-04
2.881010418338094726e-05
-1.024169276010808839e-04
9.090470959457460981e-05
-1.139646640394968599e-04
4.026282565970196685e-05
-1.122474898298333898e-04
4.646209433805710423e-05
-9.587446476700545043e-05
4.274199689004529466e-05
-8.029953033005928441e-05
1.622832682142123870e-05
-8.015026392703073963e-05
3.884625762645649110e-05
-7.305929554407611631e-05
4.672128618556538050e-05
-6.531266792248576673e-05
3.571906140788338443e-05
-5.915854452509128217e-05
5.344994609535464982e-05
-6.279213570404131115e-05
4.936768420911316423e-05
-4.001630763698751697e-05
4.833078906691255832e-05
-2.621823918763692296e-05
4.056757978583948928e-05
-1.368615582295935754e-05
3.396094719396685588e-05
-1.949049674786631242e-05
2.055559330462618142e-05
-3.002941225136236374e-05
2.469702349265519620e-05
1.707617444370332176e-05
-3.544200928659085512e-05
2.366488689126340118e-06
-1.459953636699464086e-05
-9.073917144860104355e-06
-6.763758064265620919e-06
2.348837250187034876e-05
1.811893874934009868e-06
2.120683387249537285e-05
1.206162749791486416e-05
2.708576192428825832e-05
-4.521053152997711914e-05
-1.445537190390848344e-05
-7.122204502144148698e-06
-2.204544690165423265e-05
-1.980899252791084935e-06
-1.629535166773963593e-05
-1.742103899856900365e-05
-3.201582676566348319e-05
-1.409723993648560602e-05
-2.563471723131837925e-05
-1.023578729453036309e-05
-2.516446081441685260e-05
-1.747350949541860951e-05
-2.746867569704405454e-05
-9.501945146545344060e-06
-2.710537845292898413e-05
-1.685240514344532622e-05
-3.273608425753876444e-05
-1.489020932163342098e-05
-3.737878420203389696e-05
-1.633508422358023000e-05
-3.692977854229685913e-05
-8.387061667067104167e-06
-4.156993610042575938e-05
-6.404228888342409042e-06
-4.095798561341833525e-05
-1.079090862007773033e-05
-3.739748622172015473e-05
-3.708095045353186312e-06
-3.933160453456651702e-05
-6.325374056979062034e-06
-3.849807783899844707e-05
-6.626912564905022805e-06
-3.385053896985795708e-05
-7.047337249689023371e-06
-3.719784285284035395e-05
1.379180105199429675e-06
-3.339972826726036342e-05
-2.972300193926509697e-06
-3.159503007400869768e-05
-6.646461565498578878e-06
-3.937218807267467749e-05
-7.992097329707333547e-06
-4.820215872908337472e-05
-1.212924308396464978e-05
-4.574153426763915729e-05
-1.732768121310322162e-05
-6.191388175217905866e-05
-2.191886638267333585e-05
-7.406809048823197530e-05
-2.563838862220815205e-05
-7.523352991372459788e-05
-1.558809076685451273e-05
-7.669842841176135106e-05
-2.824733976677902149e-05
-7.907425470653453212e-05
-3.784930580673140826e-05
-1.119600315768280990e-04
-2.796351236169919972e-05
