-3.188958108957971882e-02
1.096068626487260375e-02
-3.283908877042600316e-02
1.012288303382761351e-02
-3.264573067626892061e-02
9.172205073764932645e-03
-3.309380249531517632e-02
8.371667228384721895e-03
-3.283778848205140544e-02
9.132164235410123593e-03
-3.294233697262395621e-02
9.015048181861095092e-03
-3.312545746660556373e-02
9.960529523420155393e-03
-3.336335966177331191e-02
1.206481844726354537e-02
-3.191598602038529103e-02
1.411965850933008526e-02
-3.011497597701151899e-02
1.653110636837028594e-02
-2.785364626948490935e-02
1.982416798128242355e-02
-2.345772022951821481e-02
2.161296574431315412e-02
-1.820188128656583318e-02
2.266162821197956895e-02
-1.268721127381208444e-02
2.320101037908612815e-02
-6.789607192649353522e-03
2.250372573308610444e-02
-1.642667759714444781e-03
1.989688761325296082e-02
2.515993662658626978e-03
1.583558590288258738e-02
4.805920843645642912e-03
1.140928350461571476e-02
5.526166592371511109e-03
7.371742518102699336e-03
5.145423774998735857e-03
3.525964088490614930e-03
3.987623068561955628e-03
1.436169837227266625e-03
2.726532183319066351e-03
2.874343995205879310e-04
1.694563865815688517e-03
-2.193113281227486997e-04
9.423375063534256742e-04
-3.722785310197318509e-04
4.929453259086537470e-04
-3.523446540984916651e-04
2.358066546094939693e-04
-2.882190030739136682e-04
6.135927910157459495e-05
-2.155010533609928117e-04
-1.804664482347438398e-05
-1.458802378994275399e-04
-7.117950471633332002e-05
-9.686993358158498761e-05
-1.540857944184197050e-04
1.072384439610612111e-04
-1.135685947698448871e-04
-7.569685347261362882e-05
-1.075348695377992037e-04
-4.352429728710710750e-05
-1.001951843774474989e-04
-1.986305626129349598e-04
1.839905071042255327e-05
1.295738625551137034e-05
-1.182790051296457151e-05
-2.108567643099996965e-07
2.371972904657061200e-05
2.874542754968028687e-06
-1.796142908286351190e-05
1.253344540196672080e-06
-5.410009804986775880e-06
-5.977924907189133106e-05
6.620097361896920226e-06
-8.701896150451097849e-05
1.083787392585113110e-05
-6.539031151502720253e-05
-2.118997038412966859e-05
-5.273576610508835333e-05
-3.086596702323596568e-06
-6.555702230897456919e-05
-1.083839810880354604e-05
-7.303598296640017847e-05
-2.395387019864214754e-05
-6.909027791502595764e-05
-4.212260241420857188e-05
-7.048779952273010363e-05
-1.730184408693130439e-05
-7.310743696856306193e-05
-5.656780022287455226e-05
-4.737499373439312401e-05
-4.990248795661905772e-05
-2.812016406902426806e-05
-2.216907850354095220e-05
-3.378744661131413408e-05
-3.771629071383484385e-05
-2.689471603693529073e-05
-4.567772713668417385e-05
-2.569565308040433832e-05
-2.946405445481205287e-05
-1.899553221739881440e-05
-2.895489225360999006e-05
-2.770883395057300620e-05
-3.361759072004814029e-05
-2.289897715070541917e-06
-4.828618508482834820e-05
-3.675148058629204264e-05
-2.260699695849143233e-05
-2.297940255612421581e-05
-4.186536895516188662e-05
-3.061549560811821567e-05
-5.603980060081510456e-05
-2.431009169699663752e-05
-7.211106095852117751e-05
-5.380350425902371718e-05
-1.009832959033667968e-04
-8.734531439031302980e-05
-8.797834903962676776e-05
-5.333030579306620846e-05
-9.211757761930691713e-05
-1.356679858992756474e-05
-1.630706055036932418e-04
-8.986178211671268831e-05
-1.971024465897122028e-04
-2.767772681533158734e-04
