8.787085020621439313e-02
-3.024929271459986593e-02
8.439351149004406527e-02
-2.731383913449023440e-02
8.211558606342723998e-02
-2.454526253297794822e-02
7.975380596836417757e-02
-2.223044005817863267e-02
7.753088620909064088e-02
-2.013827937313685673e-02
7.458736516534372751e-02
-1.874660037128515061e-02
7.281995250222757232e-02
-1.635806305932455823e-02
7.147389123934969057e-02
-1.523197986934097040e-02
6.987181846684339948e-02
-1.359918159468706013e-02
6.771748181444228742e-02
-1.251389283074494027e-02
6.706328795818880528e-02
-1.189664413674513914e-02
6.584923964529509899e-02
-1.127973710678394428e-02
6.494111755673981357e-02
-1.098260437119682846e-02
6.336001822643302916e-02
-1.031958244641128369e-02
6.228699315622439336e-02
-1.044685170667979807e-02
6.120670788225311687e-02
-1.094710695843465961e-02
5.985689096355763933e-02
-1.091920415905644516e-02
5.857707983905553750e-02
-1.205125400133633291e-02
5.691134723142360352e-02
-1.288577567653381543e-02
5.508359517046195614e-02
-1.378338680270738137e-02
5.303252558158546431e-02
-1.484530300366655037e-02
5.069476662524684263e-02
-1.587391782161629364e-02
4.806417279382497326e-02
-1.665413142414577663e-02
4.488668162316411525e-02
-1.736999202627784178e-02
4.119304312632611487e-02
-1.742949980881530400e-02
3.783350033750949165e-02
-1.721433248815973024e-02
3.461807887531153510e-02
-1.659457626646356973e-02
3.171107081623751600e-02
-1.549540262604095532e-02
2.915138770019755701e-02
-1.398630435064228753e-02
2.703660268865543115e-02
-1.252907065957595961e-02
2.531561499615516547e-02
-1.101581724863862598e-02
2.399351101209131615e-02
-9.661840908486337906e-03
2.307604301960244561e-02
-8.110438693156495071e-03
2.214815957775720726e-02
-7.165021981161538017e-03
2.141586576026473926e-02
-6.112241899875759006e-03
2.078311415133731604e-02
-5.313447497017981247e-03
2.046315373714189742e-02
-4.659384535353092507e-03
1.980447257571113159e-02
-4.260459512464387193e-03
1.940554822044597560e-02
-3.913975846960610246e-03
1.904531535134961623e-02
-3.463962377209127332e-03
1.870696757659935303e-02
-3.199589111622096194e-03
1.834831546183828335e-02
-3.019384370317866606e-03
1.800406653390267120e-02
-2.833344943090967526e-03
1.765229737988390987e-02
-2.667940236653400590e-03
1.731977072933740466e-02
-2.589866053199977106e-03
1.694210184902932709e-02
-2.436256571115239661e-03
1.661483451274810633e-02
-2.299548250220246649e-03
1.629931482685900018e-02
-2.110529945665015790e-03
1.590445856692838944e-02
-1.897166348298846839e-03
1.561944608089569850e-02
-1.685943112785371831e-03
1.532042026605438985e-02
-1.452032152288101636e-03
1.504417271765189773e-02
-1.175458737850539667e-03
1.477183222557979826e-02
-8.813464702555373924e-04
1.454145634045120664e-02
-5.239488557706358787e-04
1.431659386224068062e-02
-1.101999600755753755e-04
1.416321044607030816e-02
3.690328827867298250e-04
1.399560378697797119e-02
9.308583476851297212e-04
1.388883709734019777e-02
1.628551561263472548e-03
1.383317695439682631e-02
2.420656591265165063e-03
1.379693292155285619e-02
3.398369668255550764e-03
1.385642513660802558e-02
4.538971740674513193e-03
1.389608565248205523e-02
5.941928604149226273e-03
1.409251268838950660e-02
7.618752950001622844e-03
1.425474675617535020e-02
9.636070649620366232e-03
