6.120876112279969444e-02
-2.074000155402615231e-02
5.917798532225260200e-02
-1.888047364263383682e-02
5.716038546928729758e-02
-1.707335518214615419e-02
5.514040953860101929e-02
-1.547516867124303259e-02
5.361962737915996341e-02
-1.400290080496919068e-02
5.206302330962152974e-02
-1.261925499060097960e-02
5.036330234527528621e-02
-1.128979280471477907e-02
4.925957641956377892e-02
-1.019450597013078948e-02
4.819031267316498807e-02
-9.188691189969186782e-03
4.749629992461554956e-02
-8.343307494259707274e-03
4.662645893811221548e-02
-7.629997104185916312e-03
4.568375110637896974e-02
-7.016744074995487357e-03
4.506543489275523923e-02
-6.641180066864212951e-03
4.463576574970495869e-02
-6.385659115861231326e-03
4.410732756640301649e-02
-6.252953356860675889e-03
4.346093490975115603e-02
-6.150240214683438088e-03
4.260973997731489632e-02
-6.180710816248142711e-03
4.172884286689590438e-02
-6.228911512390955356e-03
4.088546221945003195e-02
-6.433661908956515331e-03
4.001256672099073181e-02
-6.645734146033271776e-03
3.908377518175098347e-02
-6.961631772791668574e-03
3.808258942299244665e-02
-7.302788309394422570e-03
3.700939325412817144e-02
-7.683967659190744405e-03
3.581088238074899704e-02
-8.077744290891602022e-03
3.445802416527507517e-02
-8.545197307293988034e-03
3.297874782520234666e-02
-8.854372877937683600e-03
3.139557696577720269e-02
-9.042025359677527754e-03
2.952655833223798154e-02
-8.991423355652772981e-03
2.787674047192777865e-02
-8.807221390583135773e-03
2.652166088617456327e-02
-8.496241394821638787e-03
2.506764680523740699e-02
-7.939623837295035208e-03
2.379264197725182092e-02
-7.287194142092306114e-03
2.272449619255802883e-02
-6.579136660060366792e-03
2.173271635046773384e-02
-5.869711234465445002e-03
2.099515427990198205e-02
-5.224085463588821684e-03
2.039545906520128654e-02
-4.632150847627780274e-03
1.987857771133923201e-02
-4.145869829001185350e-03
1.942853143890469966e-02
-3.779447908684157448e-03
1.904823409192981515e-02
-3.438156309045679610e-03
1.869064316670573239e-02
-3.150505184131332202e-03
1.833525623594119136e-02
-2.933775770858296043e-03
1.800419790860429900e-02
-2.753113386637676043e-03
1.765808736868343734e-02
-2.597451401163592983e-03
1.732103707524089084e-02
-2.456387861952933054e-03
1.698322330639846431e-02
-2.323001779771517207e-03
1.665370926260446860e-02
-2.183551431618155000e-03
1.633045466499029319e-02
-2.044251078788097975e-03
1.601686053060635481e-02
-1.893114634116893754e-03
1.570669477146547852e-02
-1.728294218230237928e-03
1.541214309657105291e-02
-1.544551481645134710e-03
1.513052943272525860e-02
-1.335975070256278973e-03
1.486326417087684149e-02
-1.093305354033817164e-03
1.461064895086228166e-02
-8.119436295116588126e-04
1.438439635607434257e-02
-4.830710358664545108e-04
1.418221964555815492e-02
-9.555941608871046768e-05
1.401096115266171026e-02
3.581346515156407775e-04
1.387400336647867660e-02
8.980051636790877586e-04
1.377352908853855112e-02
1.533739451758466682e-03
1.371404313904851617e-02
2.283930205542765522e-03
1.371102287375152058e-02
3.184171808359765373e-03
1.376517974769619727e-02
4.258001471813533528e-03
1.389391467010211295e-02
5.557653493820635497e-03
1.413315199494554093e-02
7.117872359147084382e-03
1.451019940799760759e-02
8.987123952731025656e-03
