4.568786294185912117e-02
-2.746770714074886835e-02
4.295926563751045757e-02
-2.429462770712283864e-02
4.163998593892552502e-02
-2.144443160500525414e-02
3.929669211569714049e-02
-1.892817523849908007e-02
3.727803669200715347e-02
-1.648903480927112544e-02
3.559332804825422053e-02
-1.419171499563203279e-02
3.395891309983303796e-02
-1.250128005956630678e-02
3.293706046185839592e-02
-1.065438879629425177e-02
3.188577820261805779e-02
-9.123323289163454489e-03
3.093903844679748646e-02
-7.993773088879416872e-03
3.018271758750272482e-02
-7.216724474060938824e-03
2.979214335240453621e-02
-5.943152686854091989e-03
2.952300183772677694e-02
-5.342484222728483001e-03
2.853406362675862257e-02
-4.675239862390375561e-03
2.824391873958668336e-02
-3.859516461822055326e-03
2.792402210892875464e-02
-3.542783762375440858e-03
2.745985552598661367e-02
-3.120478722540091440e-03
2.728194012032232260e-02
-2.463407920368604603e-03
2.725341761842120167e-02
-2.434179922413766319e-03
2.704692839835123180e-02
-1.958504815899766820e-03
2.679090926411183127e-02
-2.064988069491346511e-03
2.648611532020584899e-02
-1.779111570210368393e-03
2.629122800602778226e-02
-1.662830229699519729e-03
2.625207217860359155e-02
-1.799682625577199999e-03
2.588356826981224115e-02
-1.797523611716182355e-03
2.574782191745715945e-02
-1.986035429763180482e-03
2.551119134586030471e-02
-1.895429005261767491e-03
2.523404551946156760e-02
-2.269494451859184123e-03
2.494910673784983199e-02
-2.467082614519359226e-03
2.458312993026285850e-02
-2.729136150294436246e-03
2.416780455359139254e-02
-2.912289033953461333e-03
2.369996373949527502e-02
-3.126801226953424169e-03
2.302357636508558028e-02
-3.532719585113371086e-03
2.244293257568850258e-02
-3.515159095088065799e-03
2.171307615346907902e-02
-3.487130185659387781e-03
2.112649072408821077e-02
-3.425276492302908177e-03
2.059500591905595590e-02
-3.386790214407318055e-03
1.983562233105687009e-02
-3.392943799066443483e-03
1.930835693223347665e-02
-3.092626160964927814e-03
1.884958970468458839e-02
-3.007056852793294453e-03
1.846059809509431604e-02
-2.858876789492978149e-03
1.808165736621064959e-02
-2.655113706792470215e-03
1.770503885064844338e-02
-2.536081969809042460e-03
1.733848433581965109e-02
-2.380485730638121078e-03
1.698711143094275983e-02
-2.271996325926360638e-03
1.666689670434447906e-02
-2.123302263100759150e-03
1.632298539441803809e-02
-2.009966472945132893e-03
1.601613554874447773e-02
-1.849047451790977823e-03
1.566780401321918662e-02
-1.671074374102136896e-03
1.541420779552721103e-02
-1.495524209679569743e-03
1.513850272350686019e-02
-1.291334094050171832e-03
1.485766166802853470e-02
-1.027315736604999218e-03
1.462927218367054798e-02
-7.652359475863564553e-04
1.439521853222919603e-02
-4.376092089519375574e-04
1.420518127588610985e-02
-4.060853463020368910e-05
1.402193018565378764e-02
4.302258734657367595e-04
1.387205477840495332e-02
9.943576780268913260e-04
1.376204601026868694e-02
1.662877025427182383e-03
1.370518018642871358e-02
2.458156122403248097e-03
1.369404960456589888e-02
3.424892682563468547e-03
1.375515336635052023e-02
4.561271907938951008e-03
1.381726566353831849e-02
5.976334795779097812e-03
1.401901278393586844e-02
7.631134448325536772e-03
1.432303716860679893e-02
9.674592304306230475e-03
