6.304890717588067239e-02
-2.189365463635965445e-02
6.053562388563594326e-02
-1.953936377468549687e-02
5.880170513311300945e-02
-1.757183898777973929e-02
5.643080869496783225e-02
-1.584004058625655340e-02
5.517917474569688369e-02
-1.435713086965237015e-02
5.348602665572941423e-02
-1.323969552025358078e-02
5.162134688408397121e-02
-1.145643056970935443e-02
5.066049921279223295e-02
-1.049122119719688578e-02
4.948772626116745149e-02
-9.242652936100121536e-03
4.832312519133891149e-02
-8.423651968900935927e-03
4.711520633707781680e-02
-7.524682049977162585e-03
4.636571906222575201e-02
-7.316141831375907317e-03
4.596622891386665383e-02
-6.457567282570601461e-03
4.545272475399074474e-02
-6.425519545727999444e-03
4.443369030104869777e-02
-6.393578034424564349e-03
4.408282078064300336e-02
-5.839305146751948630e-03
4.318039145101804088e-02
-5.942652486337379747e-03
4.264315792444762360e-02
-6.163907949175298842e-03
4.164584429030183249e-02
-6.707327196258505014e-03
4.101790100607341505e-02
-6.501625122470633053e-03
3.983777221754954828e-02
-7.152947900169945306e-03
3.903778156983376407e-02
-7.289142831516945767e-03
3.785241385902884254e-02
-7.721980695688694836e-03
3.662341942448966298e-02
-8.181308465816414938e-03
3.518239593245943431e-02
-8.691017433148491567e-03
3.366717969422568235e-02
-8.854064789064700763e-03
3.198241195682175603e-02
-9.081084994705100957e-03
3.029003090097767692e-02
-9.145067005124617524e-03
2.856631175405982201e-02
-8.940609231522485614e-03
2.704630049558408647e-02
-8.570497499074423986e-03
2.565064025125006475e-02
-7.967514650750176161e-03
2.426775833667499382e-02
-7.425774324336697693e-03
2.317470950164987609e-02
-6.572272350830739990e-03
2.225780300982953264e-02
-6.008876759895217731e-03
2.154768247157737640e-02
-5.453885623254365982e-03
2.100103591942629674e-02
-4.828678556081888312e-03
2.030507400981119634e-02
-4.302348042048505412e-03
1.959906397483402590e-02
-3.916324971546079371e-03
1.915351551305545519e-02
-3.598586275185678904e-03
1.894902268368926779e-02
-3.210793759556905200e-03
1.848504743513686502e-02
-3.048084245839191402e-03
1.815422073664162139e-02
-2.838059096633582627e-03
1.783429310968547704e-02
-2.665332958826276914e-03
1.747545527591124609e-02
-2.521691114743973387e-03
1.711937597897861957e-02
-2.345182656145489847e-03
1.680141872260077635e-02
-2.291443835589040880e-03
1.646850643750943921e-02
-2.170531082586187738e-03
1.616665119425744410e-02
-2.018116593324658422e-03
1.580090752693028705e-02
-1.784357801705951062e-03
1.552127231149801577e-02
-1.567267625060749696e-03
1.523815797972782014e-02
-1.373500798769090306e-03
1.497095383024159808e-02
-1.123234041356078365e-03
1.470717283378505415e-02
-8.340037857175154005e-04
1.446950564397773802e-02
-4.750187833798535648e-04
1.427287878181929606e-02
-7.833193775256434095e-05
1.409687750784536890e-02
4.218494370168125143e-04
1.394966769539786496e-02
9.667295565837398649e-04
1.384125835292910126e-02
1.650588205055491175e-03
1.377152068791150444e-02
2.442666804346276237e-03
1.373597552623662989e-02
3.405888440731590690e-03
1.381637510258719274e-02
4.556464729600705893e-03
1.385637778414073283e-02
5.959390385400736671e-03
1.407454425782123965e-02
7.628198226870322972e-03
1.437477754315149084e-02
9.656525145818639286e-03
