6.613541264887624893e-02
-3.611553363681194173e-02
6.241645921271024577e-02
-3.133554723474912818e-02
5.970044667546071937e-02
-2.777131976343471045e-02
5.667844478878800857e-02
-2.442913613636906595e-02
5.457318311234184843e-02
-2.197104786643837640e-02
5.142686107094712050e-02
-1.856447195532300032e-02
5.029828015859210549e-02
-1.677601304134519050e-02
4.849495841528687207e-02
-1.462856961868467219e-02
4.713756186099848922e-02
-1.275514923297814407e-02
4.563558331978813387e-02
-1.048299218908166353e-02
4.487560150079089594e-02
-9.616606547389832879e-03
4.378717876233203382e-02
-8.298870401214335918e-03
4.360607199724314542e-02
-7.218665013721290574e-03
4.311665419162560853e-02
-6.326188063349938960e-03
4.237408579247570195e-02
-5.431129942630337319e-03
4.182699647139204863e-02
-5.246781155054927072e-03
4.091473776313019062e-02
-4.907250503254435674e-03
4.108436389265102823e-02
-4.642321615527750765e-03
4.017134962453196290e-02
-4.333921370993554581e-03
3.998723291211737918e-02
-4.610743855362640573e-03
3.948241386299692485e-02
-4.556551733683135777e-03
3.904208941422164514e-02
-4.634008660410999549e-03
3.859248008450292394e-02
-4.894811530988022429e-03
3.785500027375954951e-02
-5.272271171930760676e-03
3.702453358639767184e-02
-5.893624815887008213e-03
3.623513645145687301e-02
-6.357462213859143424e-03
3.517581396545806094e-02
-6.897815376214090979e-03
3.394446334610804611e-02
-7.165776026819792484e-03
3.258272514148018162e-02
-7.512118081044402880e-03
3.119459427768931162e-02
-7.563201905966784530e-03
2.965606110174134544e-02
-7.559042015291631868e-03
2.822998320847271841e-02
-7.289015552859967259e-03
2.691937557830471894e-02
-6.982301833584668958e-03
2.590735367500712413e-02
-6.474818720835787134e-03
2.491462940009514168e-02
-5.835215789970186855e-03
2.413478011591952549e-02
-5.223220590252474274e-03
2.347617283411379194e-02
-4.797542502057502468e-03
2.255213591827466904e-02
-4.373234326932917519e-03
2.193658770718498463e-02
-4.030563403853132387e-03
2.152216746445873713e-02
-3.694987013353387677e-03
2.112147917278264439e-02
-3.400441527925450458e-03
2.065207511450840513e-02
-3.177431400821270797e-03
2.028477443139633379e-02
-2.975842007621349542e-03
1.990324090681278371e-02
-2.799376779397119014e-03
1.954673771872092111e-02
-2.628550913429321227e-03
1.915916863506963649e-02
-2.451528748546395568e-03
1.880681730092783124e-02
-2.265622480621380923e-03
1.845185920255927592e-02
-2.095049850053448941e-03
1.810697131456128969e-02
-1.881262306288250486e-03
1.782641642783651045e-02
-1.657310724917946364e-03
1.752044078912915609e-02
-1.423731565988725417e-03
1.721894174746213535e-02
-1.166569222252197661e-03
1.694877572197304658e-02
-8.703229562558014104e-04
1.670140792127304194e-02
-4.800078000799923978e-04
1.647623290412853977e-02
-5.203619524622631265e-05
1.628569560904883501e-02
4.586411705937377330e-04
1.612326523085735874e-02
1.054962206995928428e-03
1.602064548614323680e-02
1.790349734487315476e-03
1.591459970963180967e-02
2.651172522580776212e-03
1.588970252136055750e-02
3.674753979665895502e-03
1.592446409511557789e-02
4.928398753223086834e-03
1.600905625498731319e-02
6.419118658861884021e-03
1.619742853969661014e-02
8.238629100657852630e-03
1.651557935184682149e-02
1.041827636055286943e-02
