5.266955358896371342e-01
-1.090425798639221289e-01
5.073735264969104763e-01
-1.116783759237436613e-01
4.973689405920533324e-01
-1.159591501472933828e-01
4.812412646706499264e-01
-1.261488004142023445e-01
4.671911307147965653e-01
-1.355619327080138936e-01
4.417311436676064074e-01
-1.418352411482457498e-01
4.230839928849147724e-01
-1.524627346618694090e-01
3.967422085623157901e-01
-1.632192088030492150e-01
3.716672831434936763e-01
-1.707411743726724440e-01
3.420831639842799032e-01
-1.805872144665748025e-01
3.100609523570653780e-01
-1.875161586591663765e-01
2.765587759127304812e-01
-1.898340137602835542e-01
2.437400518719006204e-01
-1.822415451251568896e-01
2.087314360706164218e-01
-1.725098755215732083e-01
1.792375332283130673e-01
-1.630390508564701912e-01
1.518697656585658584e-01
-1.518077582070781750e-01
1.272743448354476947e-01
-1.381339566865830704e-01
1.064157431672350662e-01
-1.241348581646432858e-01
9.058676520695013723e-02
-1.105067407409367625e-01
7.503557605359979787e-02
-9.727879353559436282e-02
6.421090782633942506e-02
-8.372258336122220812e-02
5.403980730431926643e-02
-7.077917951905146610e-02
4.741615113880276455e-02
-6.067085049823846971e-02
4.190082132718619262e-02
-5.167227104982341501e-02
3.687946838205415773e-02
-4.298307691738328246e-02
3.380018376761600996e-02
-3.580033296956092181e-02
3.121659495742460863e-02
-2.962651266417361609e-02
2.919726173843673750e-02
-2.552849710579566458e-02
2.723724673969861801e-02
-2.054729062943238746e-02
2.675682875933514671e-02
-1.755020753424043484e-02
2.573683893767377343e-02
-1.401426081225252973e-02
2.423850275893637066e-02
-1.152863398888453149e-02
2.337328028868080124e-02
-1.102832928953679202e-02
2.383312702627723989e-02
-8.718731900770290352e-03
2.275396906525872440e-02
-6.533395735088655745e-03
2.300982694849371124e-02
-5.754691511902751237e-03
2.221312807555519270e-02
-5.158469475156851961e-03
2.166471822197856695e-02
-5.108224066587454051e-03
2.090664014107921839e-02
-4.074352418366933813e-03
2.073765953021496772e-02
-3.910563477860022098e-03
2.050181708564932648e-02
-3.580538743283832783e-03
1.998209619513378194e-02
-3.452535318413104543e-03
1.961384438190041241e-02
-3.283033150040471672e-03
1.919300328273764247e-02
-3.072053689080617156e-03
1.884573502180628482e-02
-2.701184420327261415e-03
1.856796909981345972e-02
-2.641078011678619272e-03
1.826094373270331292e-02
-2.381370212455121045e-03
1.788919166761659962e-02
-2.187494713399662592e-03
1.745006151613772913e-02
-2.001496958640836162e-03
1.704641809282509551e-02
-1.703512344363164411e-03
1.689508051963969568e-02
-1.493096873829043809e-03
1.652680135546628210e-02
-1.224303706697193756e-03
1.627146403381104015e-02
-8.690303256194644626e-04
1.593768697437979165e-02
-5.310006028285547660e-04
1.581113425358791555e-02
-4.396125893788150718e-05
1.559954847500619884e-02
3.890131611496682189e-04
1.542278639376227362e-02
1.018027095698719907e-03
1.531139730499888815e-02
1.786279936882040256e-03
1.525626084491790886e-02
2.505536385568885895e-03
1.517265262182083442e-02
3.519864075659725599e-03
1.515855520987819186e-02
4.787458520401597327e-03
1.527292524447156595e-02
6.153039786300218417e-03
1.539995210925357121e-02
8.064033124000795708e-03
1.575829464140299577e-02
1.009166803415478646e-02
