3.968734635620839724e-01
-1.294431939015999733e-01
3.743321666449264118e-01
-1.352993327441814886e-01
3.485396922170112544e-01
-1.385570984746785084e-01
3.242260533824877222e-01
-1.391482102789411424e-01
2.977559649541966502e-01
-1.417726831379006458e-01
2.765295568828946560e-01
-1.474058936723056934e-01
2.478052326996894317e-01
-1.368203177715673069e-01
2.240773470520038280e-01
-1.298144891196310879e-01
2.035820271995266995e-01
-1.215169339278227983e-01
1.867923640650764328e-01
-1.183412395404980777e-01
1.664636339654549102e-01
-1.094880813531472069e-01
1.511092606046711695e-01
-1.021754765168585433e-01
1.360870934542786903e-01
-9.369805188165594712e-02
1.260214237842915697e-01
-8.677965874306287075e-02
1.119012270559768263e-01
-8.032366609280960912e-02
1.025335983819755659e-01
-7.314973071359200107e-02
9.324040235516477260e-02
-6.767043204086120589e-02
8.462633065942316846e-02
-6.249416191861589115e-02
7.775276184046583938e-02
-5.709084597892672558e-02
7.073219948900734411e-02
-5.257736671897247221e-02
6.378378165194956151e-02
-4.811908580154075632e-02
5.739126310717734825e-02
-4.265546450721269256e-02
5.099796297941140005e-02
-4.017036108003691625e-02
4.659855721511783899e-02
-3.587503450730446242e-02
4.121338385928101367e-02
-3.183793477694255719e-02
3.807461932980733127e-02
-2.816739271815205461e-02
3.422377054676976199e-02
-2.423274192492358425e-02
3.178451287083335075e-02
-2.181629182664973632e-02
2.969651876609129618e-02
-1.862673632112681402e-02
2.767966865506779270e-02
-1.634135772137726428e-02
2.663865361931213455e-02
-1.322648220696759531e-02
2.556557755279348712e-02
-1.132574253816267043e-02
2.363721875137524131e-02
-1.008217153953495059e-02
2.356795634096797362e-02
-8.501416366114459416e-03
2.358105717484927297e-02
-7.119041766481131600e-03
2.297158370132604266e-02
-5.919100482445277360e-03
2.198418507402565697e-02
-5.064457804397426779e-03
2.123602606268007106e-02
-4.645481993270106705e-03
2.081728973493170154e-02
-4.368803138173615007e-03
2.044948992949594674e-02
-3.835156840046032023e-03
2.010271910868911133e-02
-3.500229210361012564e-03
1.986375608287917899e-02
-3.192082027246150380e-03
1.940962973440046521e-02
-2.994591226895373156e-03
1.908288534086963195e-02
-2.858816306392361704e-03
1.891006143445809334e-02
-2.609550044612015014e-03
1.850561386706564906e-02
-2.432947508027210985e-03
1.814781755160997656e-02
-2.250319688927371505e-03
1.787364646433704796e-02
-2.155802544549300682e-03
1.736979494003588684e-02
-1.853030290298723296e-03
1.717091663296244769e-02
-1.704851182412630206e-03
1.685674091938298494e-02
-1.410193798526129891e-03
1.654424790378515239e-02
-1.172565471989256035e-03
1.627048188378162757e-02
-7.978795957036984281e-04
1.606237767263187649e-02
-5.030870848303859236e-04
1.575802376768254895e-02
-2.362790086727282110e-05
1.564885006841751358e-02
3.898869578347043336e-04
1.541617644747436504e-02
1.028446779524565041e-03
1.532537038982579279e-02
1.711213716717964331e-03
1.522037585666714300e-02
2.524340143418751618e-03
1.520723131007283534e-02
3.490409841640236977e-03
1.520640041832860799e-02
4.759300382753936347e-03
1.527265906246091411e-02
6.281307809690140319e-03
1.551448165657429330e-02
7.946376240557859877e-03
1.578267885855158884e-02
1.011976437193446050e-02
