9.200499999999999545e+02 2.776849986444027962e+01 -1.643480324090320366e+01
7.286299999999999955e+02 2.778522848583054383e+01 -1.458603379574906178e+01
5.770399999999999636e+02 2.980643993077344334e+01 -1.688998574033367817e+01
4.569900000000000091e+02 2.804941623282638474e+01 -1.551050269875258358e+01
3.619100000000000250e+02 3.674151593474986299e+01 -2.126312321387048598e+01
2.866100000000000136e+02 4.323567925921857125e+01 -1.200247525956420347e+01
2.269799999999999898e+02 5.210566558065944776e+01 -4.560266669308484566e+00
1.797599999999999909e+02 5.269209626442679451e+01 -2.895510509247387532e+01
1.423600000000000136e+02 3.557834414602736928e+01 -2.152428614730499135e+01
1.127399999999999949e+02 2.415355478460855210e+01 -1.442795889329531001e+01
8.928700000000000614e+01 3.087152050544978721e+01 -2.793240301558309113e+01
7.071099999999999852e+01 7.831491531060153477e+01 -2.720939731660737237e+01
5.599900000000000233e+01 2.230056971114164810e+01 -6.371355296180905015e+00
4.434899999999999665e+01 3.841985781184131810e+01 -1.699790911501129287e+01
3.512199999999999989e+01 5.868811640536383578e+01 -2.097702138243000292e+01
2.781500000000000128e+01 4.902406336814435406e+01 -4.858878495326006686e+00
2.202799999999999869e+01 6.289278944248562908e+01 -6.160280406964684374e+00
1.744500000000000028e+01 7.053202104301652753e+01 4.140693505133987151e-01
1.381600000000000072e+01 7.636148350884081992e+01 3.439274231728648434e+00
1.094100000000000072e+01 8.895396878262762641e+01 1.312355174043580774e+01
8.664899999999999380e+00 9.977553655317792902e+01 2.085300020460389092e+01
6.862199999999999633e+00 1.180057897742230324e+02 3.623713120653215469e+01
5.434499999999999886e+00 1.394946010895456254e+02 5.144735388012633592e+01
4.303899999999999615e+00 1.668957247101081123e+02 7.408217071799850828e+01
3.408399999999999874e+00 1.972883021352539004e+02 1.038361296074090916e+02
2.699300000000000033e+00 2.231108619362638308e+02 1.445082152054017115e+02
2.137700000000000156e+00 2.491602636013411427e+02 1.999659614890588557e+02
1.693000000000000060e+00 2.700971053843703089e+02 2.618497210060345992e+02
1.340700000000000003e+00 2.675131843037144677e+02 3.512674060357267649e+02
1.061800000000000077e+00 2.428611912094468437e+02 4.287501412018331735e+02
8.408999999999999808e-01 1.972488626760458601e+02 5.099560764336716829e+02
6.659500000000000419e-01 1.259213283362971652e+02 5.690462052536338433e+02
5.273999999999999799e-01 3.725954701148847903e+01 6.002586313277844283e+02
4.176699999999999857e-01 -5.455932203591193286e+01 5.948645587276822653e+02
3.307800000000000185e-01 -1.101126518052531367e+02 5.475702724894340463e+02
2.619600000000000262e-01 -1.630950065701218250e+02 4.900451577584022402e+02
2.074600000000000055e-01 -1.783407969125870522e+02 4.340406387361121574e+02
1.643000000000000016e-01 -1.757675074167177343e+02 3.632175651515267987e+02
1.301100000000000034e-01 -1.519754678315779586e+02 3.081320433359278468e+02
1.030400000000000066e-01 -1.894926766713809911e+02 2.472357063679110070e+02
8.160599999999999798e-02 -1.752783843170098521e+02 2.043737203774602449e+02
6.462800000000000489e-02 -1.610551049223579412e+02 1.846328292520497030e+02
5.118199999999999833e-02 -1.487420450248274619e+02 1.838528281871245724e+02
4.053299999999999959e-02 -1.628531300722470689e+02 1.813546452484463600e+02
3.209999999999999659e-02 -1.237249291059632696e+02 2.244235952157858947e+02
2.542200000000000015e-02 -2.005890957753377393e+02 2.183149705762687347e+02
2.013300000000000159e-02 -2.351555265244489590e+02 3.179476203457604697e+02
1.594399999999999984e-02 -2.978717641770046498e+02 4.044636579681517219e+02
1.262699999999999934e-02 -3.105963696430401910e+02 4.594287679854141970e+02
1.000000000000000021e-02 -4.054828350285675924e+02 4.984344475002120021e+02
