4.683483529143332019e-02
-2.108122747859044258e-02
4.494067891911052853e-02
-1.866903929328572048e-02
4.380436926043262263e-02
-1.631441326553989893e-02
4.136946943441498908e-02
-1.419993031854230141e-02
4.079603460565031647e-02
-1.253400113316373125e-02
3.870533471555176463e-02
-1.110828910669223180e-02
3.761847210934967517e-02
-9.681228054907450170e-03
3.708965593624031359e-02
-8.377136939532488571e-03
3.618471107301560880e-02
-7.626399852070447904e-03
3.530851986690541899e-02
-6.478620794178599658e-03
3.424434647968204598e-02
-5.385720583180099788e-03
3.438671064369182989e-02
-4.949791630616384025e-03
3.420705465068303586e-02
-4.371859580217612312e-03
3.374748672210889366e-02
-3.786272894485671111e-03
3.341814931929719401e-02
-3.564230324713258714e-03
3.315839866797607588e-02
-3.162350298920915334e-03
3.287714345924445947e-02
-2.913439818925362291e-03
3.236796370063836636e-02
-2.755263701325010202e-03
3.209034888782232031e-02
-2.577409397374725696e-03
3.186929658563850826e-02
-2.253009889188133542e-03
3.165024577380516624e-02
-2.378017231632056916e-03
3.137155767390822220e-02
-2.277637679903684893e-03
3.112914196064972203e-02
-2.275797436286967901e-03
3.082567714992263258e-02
-2.368775340800914012e-03
3.043832919986627986e-02
-2.436744173220627314e-03
3.018339164030319974e-02
-2.575289051956309184e-03
2.986739989646211915e-02
-2.711947666357298475e-03
2.945746595795291009e-02
-2.901122804066910612e-03
2.906310289448222131e-02
-3.163155839200043618e-03
2.868379042603443757e-02
-3.390646766535562219e-03
2.814347246325248769e-02
-3.639206848610474290e-03
2.756059248691507257e-02
-3.875809673737018891e-03
2.686729171853334888e-02
-4.087265604241665032e-03
2.613311403997690963e-02
-4.215457168061722236e-03
2.537802692437041152e-02
-4.281421978189711187e-03
2.463290521070555378e-02
-4.236668035756274535e-03
2.387477990295929636e-02
-4.147347156074354842e-03
2.303107846828199301e-02
-4.057581986389062652e-03
2.242227414848416492e-02
-3.903243665788559084e-03
2.187174884315883430e-02
-3.755648150110027159e-03
2.135067936397187782e-02
-3.637431550559087033e-03
2.085740964250969512e-02
-3.520156046641266349e-03
2.037332185059294656e-02
-3.458223043389897864e-03
1.985146000871041219e-02
-3.393812698648855306e-03
1.936782992718340257e-02
-3.325192494216907234e-03
1.884324287511413704e-02
-3.258713955011419226e-03
1.833165361064350782e-02
-3.174179502871591219e-03
1.780815010096150480e-02
-3.044894893115797710e-03
1.728577295559330027e-02
-2.899891875126104322e-03
1.677687701989720101e-02
-2.696311085279141234e-03
1.627728319976607524e-02
-2.454006872015395985e-03
1.582214060684687326e-02
-2.158865115442303115e-03
1.541105433457118021e-02
-1.823919707863282764e-03
1.502024336223048775e-02
-1.421531028688737116e-03
1.467100773611460657e-02
-9.690143197028503776e-04
1.437754099357168962e-02
-4.465762850644338787e-04
1.411922045084324125e-02
1.625715858895738347e-04
1.391621337245648252e-02
8.610651350477439804e-04
1.375769838067101604e-02
1.678444725707345419e-03
1.365632389044444533e-02
2.648116538617075692e-03
1.363110892801725101e-02
3.804865432886622104e-03
1.369886931948678145e-02
5.182528974817446864e-03
1.388917392731462384e-02
6.823327426037285003e-03
1.421740440251890308e-02
8.781123351616678535e-03
