3.802116801454115402e-02
-1.648875231474895495e-02
3.640447826253369323e-02
-1.421975574435477632e-02
3.465755425767264031e-02
-1.288388864744637041e-02
3.316272762016501258e-02
-1.114543070803162422e-02
3.196348789507429122e-02
-1.002368335842704176e-02
3.111060657269681604e-02
-8.473216380538257583e-03
3.012752279037464453e-02
-7.632976080549530237e-03
2.984891501217943818e-02
-6.944459920592653372e-03
2.914282383167103238e-02
-5.838282390813374911e-03
2.852806236981193441e-02
-4.846486747971625285e-03
2.781005406922744394e-02
-4.569668059451031591e-03
2.732478747875310629e-02
-3.835130712061630542e-03
2.704921450032593197e-02
-3.231071286193155836e-03
2.648792255686548483e-02
-2.889938889110262726e-03
2.637418502237450293e-02
-2.656228087627559350e-03
2.618759221717676527e-02
-2.407927685658302515e-03
2.580449717271690938e-02
-1.967000128349771781e-03
2.580695642172713133e-02
-1.851730785176033131e-03
2.563119329654901107e-02
-1.497826801888527863e-03
2.554626509738179563e-02
-1.278513577064336638e-03
2.526690892858749968e-02
-1.307500727896364345e-03
2.521479514972054664e-02
-1.218873224233649102e-03
2.508683717802856830e-02
-1.175032833498414501e-03
2.496792295285076707e-02
-1.111086680922937454e-03
2.477097359073545876e-02
-1.188182751151935224e-03
2.468145846391311612e-02
-1.111703892761350867e-03
2.454702108307450781e-02
-1.170555059310278249e-03
2.439899846473525535e-02
-1.234155764084787863e-03
2.428851963299889782e-02
-1.233156472576511786e-03
2.421560728228042483e-02
-1.284961695332733495e-03
2.413022877040317538e-02
-1.366485264739720346e-03
2.399503395911760026e-02
-1.497510747329827870e-03
2.378542972704165287e-02
-1.589773868482207211e-03
2.355677103212930334e-02
-1.745986144171547249e-03
2.332106264249668437e-02
-1.921579458441633045e-03
2.296879026678714381e-02
-2.055507471401432033e-03
2.265071001604169326e-02
-2.226371337693508132e-03
2.211767606466641042e-02
-2.405541676614809943e-03
2.172302302818782463e-02
-2.539627561065482299e-03
2.130008877699226394e-02
-2.652475934662139843e-03
2.087491260879881586e-02
-2.724492089173378550e-03
2.043019945495513218e-02
-2.779981417765543025e-03
1.997658208794515083e-02
-2.831637050783540263e-03
1.952454559283254773e-02
-2.862027462966692821e-03
1.904403652498012911e-02
-2.873803285015665010e-03
1.856670623442465903e-02
-2.861480584437001411e-03
1.807085117443966299e-02
-2.824575877984533776e-03
1.757431873473505948e-02
-2.741170052599167881e-03
1.707737626329963038e-02
-2.640731522992802605e-03
1.659386692115662892e-02
-2.483540958587198127e-03
1.611767922340642117e-02
-2.278469710296951445e-03
1.567700860685750097e-02
-2.007836954890808608e-03
1.526714269745343446e-02
-1.684315079931762629e-03
1.488282562715243645e-02
-1.308938616663472398e-03
1.454970732198796260e-02
-8.666813850418642832e-04
1.426236031009096156e-02
-3.554996460718292338e-04
1.402191024859115835e-02
2.405525799135870913e-04
1.381887310354876913e-02
9.375523483729832639e-04
1.369577004122090810e-02
1.753188211900902349e-03
1.361385208311201647e-02
2.716886576596748166e-03
1.359659977664906191e-02
3.866700963025325108e-03
1.364376003387971284e-02
5.236166606660908572e-03
1.382876312489536574e-02
6.874470985487153400e-03
1.417140653316676518e-02
8.815010818295793832e-03
