4.035993029692659662e-02
-2.875286289519796840e-02
3.781460559983601533e-02
-2.477943427671026877e-02
3.585263747291460995e-02
-2.146473873227199708e-02
3.435899924097294417e-02
-1.859056659366473130e-02
3.243497111836539382e-02
-1.572470716442916916e-02
3.096555629728283895e-02
-1.359359468208932130e-02
2.970000093701377977e-02
-1.177447094854923611e-02
2.917957881004483098e-02
-1.008424841089406582e-02
2.798019422270365750e-02
-8.656446886989205974e-03
2.709802391947045003e-02
-7.268669436885529661e-03
2.679900687180548566e-02
-6.482708947698141537e-03
2.611263352355090370e-02
-5.520094609856976246e-03
2.572536089089935696e-02
-4.765720745337550558e-03
2.554149368866619543e-02
-4.327528830019140849e-03
2.519203247485529359e-02
-3.471457474966026420e-03
2.502418308834959346e-02
-3.000126405215658432e-03
2.465645354302195905e-02
-2.612748156829682294e-03
2.441729125047649787e-02
-2.337723235828717116e-03
2.413933083120586159e-02
-1.970157732877872696e-03
2.392641853805670127e-02
-1.886153889983560811e-03
2.380049191159132674e-02
-1.619192796434467188e-03
2.359975447600427823e-02
-1.452309497127702437e-03
2.349298452126602835e-02
-1.345316352979582892e-03
2.324286598576381230e-02
-1.275565272688819864e-03
2.303566190045015782e-02
-1.162306693777278351e-03
2.292755997334552237e-02
-1.116209791941368554e-03
2.284252233607665314e-02
-1.089808288793292718e-03
2.272597537430821879e-02
-1.060036974416782816e-03
2.260225067035956034e-02
-1.038671058479104931e-03
2.248151012481898817e-02
-1.052784360284428778e-03
2.239077598396406812e-02
-1.053607782975231333e-03
2.227438251697509350e-02
-1.083739290698798163e-03
2.215104188041047695e-02
-1.123001074511175215e-03
2.199681384825961233e-02
-1.178861232598294156e-03
2.186409333535752758e-02
-1.270005724099898363e-03
2.168270724460417617e-02
-1.386149582498475818e-03
2.150778091689650035e-02
-1.526228598516189651e-03
2.113512323906888840e-02
-1.674281524667066423e-03
2.087747754914830514e-02
-1.837544871353336473e-03
2.060767536447941431e-02
-1.982938599033811766e-03
2.031916907482729517e-02
-2.116034263871254852e-03
1.996899512141753208e-02
-2.231721316626987094e-03
1.957871615673881238e-02
-2.360468840299619064e-03
1.914393293919237904e-02
-2.456637707052871343e-03
1.872216838430582758e-02
-2.527961802419426921e-03
1.828290630009428083e-02
-2.587073351181995440e-03
1.782565904049360564e-02
-2.595989600928311387e-03
1.734299894385308433e-02
-2.554288679562058580e-03
1.687068414441836653e-02
-2.461472492550572516e-03
1.639253079637986721e-02
-2.325940826184294020e-03
1.594980675233042405e-02
-2.137889706678634903e-03
1.551490999781300964e-02
-1.900413691229589945e-03
1.511723223228320610e-02
-1.595145365271489557e-03
1.475157286272965260e-02
-1.217188412686315583e-03
1.443083277382615527e-02
-7.868360418426399890e-04
1.413297760611798015e-02
-2.996952641871946862e-04
1.390162047344282482e-02
2.894454842883540388e-04
1.371882615062871950e-02
9.851946421040170924e-04
1.356091450374176909e-02
1.789744539453499679e-03
1.349106339614016860e-02
2.741958530781397636e-03
1.349942554652761896e-02
3.876785752680083838e-03
1.356374263190012266e-02
5.260559211375579955e-03
1.370609667470350929e-02
6.863311352547154208e-03
1.403614362605942745e-02
8.800139590866314435e-03
