4.419700717503993043e-02
-2.592643328243034173e-02
4.200830473474505972e-02
-2.302661342593359528e-02
3.987062989242788624e-02
-2.044917783282729565e-02
3.813563311235573794e-02
-1.806055257009076681e-02
3.635829794900426182e-02
-1.590076522702536105e-02
3.469487378483675916e-02
-1.387426919678818801e-02
3.335988458348976282e-02
-1.208551644848335736e-02
3.222058507777010583e-02
-1.052500902249928205e-02
3.117008534395862909e-02
-9.095605045268408476e-03
3.039084208739352075e-02
-7.864582168124982856e-03
2.981267423504040115e-02
-6.816434975951893641e-03
2.931128258461189809e-02
-5.920565127318648709e-03
2.860120317916243007e-02
-5.072629728841860502e-03
2.807161525966903048e-02
-4.435643759992819943e-03
2.770061393042985709e-02
-3.838962188199244834e-03
2.736836768196515904e-02
-3.392409682976649504e-03
2.713323694067466818e-02
-2.961432058203720009e-03
2.687435351828218119e-02
-2.639128596138850657e-03
2.663954010178350151e-02
-2.373068009498838660e-03
2.644245303119724042e-02
-2.163850974540109783e-03
2.623317050610297213e-02
-2.016602293348435104e-03
2.609898720455336787e-02
-1.893096385348712069e-03
2.593209486300246738e-02
-1.832753773557606759e-03
2.575879732632508148e-02
-1.811812995482725867e-03
2.554700968729160457e-02
-1.903521971448108620e-03
2.536039071672710130e-02
-1.988821474749209121e-03
2.514915905049931386e-02
-2.111435432792531028e-03
2.489743935631660854e-02
-2.280298060182722134e-03
2.455999981534096738e-02
-2.480911502660887447e-03
2.420194837256233952e-02
-2.708351582026855432e-03
2.377375445898839007e-02
-2.941601921603074956e-03
2.327455009956651624e-02
-3.157514382870559196e-03
2.267228100494864118e-02
-3.328940334988366324e-03
2.211758299980155773e-02
-3.451784731724513722e-03
2.140108676653949479e-02
-3.470784844111823603e-03
2.077336884601823502e-02
-3.434986538751709593e-03
2.017070673646632895e-02
-3.309546876073210953e-03
1.963111937606622226e-02
-3.211325695847749764e-03
1.913953831082363874e-02
-3.039396122225116511e-03
1.870952435085907958e-02
-2.881546694687861076e-03
1.830226250069058938e-02
-2.729007651458132972e-03
1.792798927787762550e-02
-2.596765798156401659e-03
1.756712341013946799e-02
-2.467445524985155143e-03
1.721340213688193205e-02
-2.350214108571579887e-03
1.687095853492467934e-02
-2.226225408587954348e-03
1.653814254594715427e-02
-2.103626673911813440e-03
1.621614692859844539e-02
-1.970479588067238375e-03
1.590577029638633524e-02
-1.826667058172134128e-03
1.560148596405976779e-02
-1.666232752447014114e-03
1.531151323251821184e-02
-1.484930595160388611e-03
1.503803401957923627e-02
-1.284530645636143813e-03
1.477937315056605805e-02
-1.048894193370410264e-03
1.453225152090416306e-02
-7.732735948244853427e-04
1.431141172290588577e-02
-4.493057452806915940e-04
1.411361062184414601e-02
-6.610647597469324652e-05
1.394751592008545461e-02
3.848413138200160047e-04
1.381126882367044763e-02
9.163067491999282027e-04
1.371148632436490836e-02
1.547178972341708416e-03
1.365745000299675889e-02
2.297152036616032476e-03
1.364861791491362060e-02
3.189626081076712711e-03
1.370921224537198675e-02
4.264351404606377474e-03
1.380957001304377978e-02
5.551178816616359098e-03
1.404569747608266569e-02
7.107271646984156428e-03
1.442290139193486836e-02
8.969077182996809325e-03
