8.178075214070472387e-02
-2.393772617078803941e-02
7.927861504881647536e-02
-2.223960057043132543e-02
7.725060207232946341e-02
-2.063671000273192141e-02
7.521708407127347673e-02
-1.912857931469069336e-02
7.351542687586980207e-02
-1.772086688895400594e-02
7.138447771594991220e-02
-1.624999286107314464e-02
6.961030405877813299e-02
-1.485219933665472315e-02
6.766097850951191539e-02
-1.359602681430448559e-02
6.639230341935151158e-02
-1.256661103970190679e-02
6.522981198241083189e-02
-1.168017941793350958e-02
6.427569448710446220e-02
-1.098478605990883816e-02
6.355562969312635035e-02
-1.054624891982174073e-02
6.299075190471026264e-02
-1.032892996679229264e-02
6.205274718563271591e-02
-1.026048433215800623e-02
6.073307064601701777e-02
-1.031559627901301561e-02
5.932904490688466898e-02
-1.050783466001318188e-02
5.789701704412254096e-02
-1.088587933471215664e-02
5.642498009313881568e-02
-1.145129589419228815e-02
5.488497497887223631e-02
-1.223364315100638512e-02
5.319804058441577471e-02
-1.311310405298707175e-02
5.120202503555180973e-02
-1.413450883914134891e-02
4.887692253529457576e-02
-1.506616093102114765e-02
4.623294848247846978e-02
-1.590608447393355301e-02
4.328000140284133518e-02
-1.648541396880371865e-02
4.006990911297111241e-02
-1.682168727525090376e-02
3.682951251412353022e-02
-1.661232223150352350e-02
3.378183411909679162e-02
-1.599517601493461935e-02
3.089829826796129317e-02
-1.492505806055884066e-02
2.839888829773968768e-02
-1.358831819418638946e-02
2.631668644759211848e-02
-1.211322698099294090e-02
2.464676785457181607e-02
-1.063309655513952796e-02
2.332060670443378281e-02
-9.238413290701321529e-03
2.227948735016738180e-02
-7.991608431262902865e-03
2.149664180697267654e-02
-6.858780187131936767e-03
2.085846891903159542e-02
-5.918698371264731646e-03
2.033531971910278180e-02
-5.130804762601008477e-03
1.991170284574135529e-02
-4.510839780618811773e-03
1.945764491965987913e-02
-4.051026582032002561e-03
1.910044138693604149e-02
-3.641856723366531344e-03
1.876859076587245392e-02
-3.323067133934699130e-03
1.843686805471030435e-02
-3.078896757454663898e-03
1.809853197939272768e-02
-2.880604902113025924e-03
1.775812903460090991e-02
-2.714750811226550060e-03
1.741326911932980503e-02
-2.566863834489724241e-03
1.706419129155311090e-02
-2.423963699774044599e-03
1.672356611308858237e-02
-2.280266133040202529e-03
1.638981027986168362e-02
-2.127808062339192098e-03
1.606545273408421445e-02
-1.971170829608774860e-03
1.574546401191979916e-02
-1.798194215071375343e-03
1.543937432432154755e-02
-1.605274272507570396e-03
1.515128599161331274e-02
-1.388738133359537427e-03
1.487984438995682869e-02
-1.142336582308210204e-03
1.462342941905978543e-02
-8.527942142717337458e-04
1.439416976010515249e-02
-5.184613264175845938e-04
1.418937064880508928e-02
-1.239862447170000839e-04
1.401414874434004330e-02
3.346464025630368545e-04
1.387419069404168329e-02
8.728317805283485704e-04
1.377516671093212061e-02
1.512639870421537882e-03
1.371629434558421096e-02
2.262906513041465506e-03
1.370650848389601620e-02
3.163962411466414958e-03
1.375891527082171578e-02
4.240520905243294614e-03
1.388843804481884950e-02
5.534255076342567761e-03
1.412518595351526692e-02
7.094381555243823440e-03
1.444152523226163026e-02
8.930171314452665932e-03
