-7.852777765245729652e-04
4.586029044490516886e-04
-7.370936989410557198e-04
3.604559471222703996e-04
-6.974689444016127097e-04
2.949827934052919889e-04
-6.954366472406306801e-04
3.005712508145224368e-04
-6.980358312955767079e-04
2.006116919659749242e-04
-6.589584517126276589e-04
1.694628205765180283e-04
-6.891913533480798762e-04
1.611638365815544396e-04
-7.338347051754758954e-04
8.237234131052585250e-05
-6.601881067589554378e-04
1.449189140668700570e-04
-7.341117462498857439e-04
1.372933903479615567e-04
-7.219909236057372916e-04
5.777740737842878714e-05
-7.038204852226130322e-04
7.846286864344971307e-05
-7.168597442462943965e-04
1.175175686688494434e-04
-7.500917189885959128e-04
1.023992094728318956e-04
-7.787419556265879565e-04
2.005154125353646882e-04
-6.776529946427607828e-04
2.657274055929082705e-04
-6.689175484816348854e-04
3.046664423998523608e-04
-6.485157327235742050e-04
3.025349554812143044e-04
-5.430350710464384610e-04
3.760713054185400254e-04
-4.713160259807836578e-04
4.027949063804011189e-04
-3.728817820064695451e-04
4.320286729142530104e-04
-2.547414080603009959e-04
4.387348045762310832e-04
-1.667727522730325584e-04
4.144857757544537029e-04
-6.526607480645051182e-05
3.537608991217376761e-04
9.996668741212949528e-06
2.901070138003435236e-04
5.568618781796618497e-05
2.178419834352782029e-04
7.616079151290152923e-05
1.358393370825530713e-04
6.246337524402628281e-05
7.762956105117506714e-05
6.275295208578436873e-05
3.979517537353402810e-05
6.710311353818265104e-06
-3.949000727241797499e-05
1.323314478498700537e-05
-1.315479293778631967e-06
-1.684734027179173748e-06
-2.273565422643266659e-05
-5.264658869598221795e-05
-2.486047720351693556e-05
3.329008230598123224e-07
-5.153315740352229535e-06
-2.179912593608509998e-05
-2.466302827851150488e-05
-5.386426234009925409e-06
9.265528519295733573e-07
-2.062065506117566121e-05
-1.562983221890955460e-05
-2.918723611714092202e-05
-1.305649048780967812e-05
-2.418415520079242109e-05
-1.472795555473016504e-05
-2.116604014394002522e-05
-1.121743308563571094e-05
-2.352524374730325819e-05
-1.647596551488317366e-05
-2.579271618510505255e-05
-5.671165578432840909e-06
-2.679907021341776770e-05
-1.323160606001440723e-05
-2.961721141811202569e-05
-1.499380947194898572e-05
-3.114757936312501226e-05
-1.533173126119497841e-05
-3.230750340944409538e-05
-1.020121259905638223e-05
-3.261726813831966311e-05
-8.960609297331701884e-06
-3.285999319709466128e-05
-3.787705316876327135e-06
-3.466156512987439415e-05
-2.131582845708147896e-06
-3.680642699155618709e-05
-5.140400674384459422e-06
-3.147987640440334215e-05
-5.049968733584657622e-06
-3.521839136701256269e-05
-5.022509712112608220e-06
-3.617775298456280680e-05
-3.352065880091267332e-06
-3.233315648100742242e-05
-3.473033911667211575e-06
-3.210857865085143560e-05
-5.789524885378471860e-06
-3.657860372012128650e-05
-8.823586417039342840e-06
-4.563249568513119871e-05
-1.313385355954999664e-05
-4.633467488046760530e-05
-1.550950431798131372e-05
-5.168508636995169491e-05
-2.028611108070607735e-05
-7.457577633983371074e-05
-1.820791488214658008e-05
-7.276218837439170676e-05
-2.200810399999448194e-05
-8.113109485836277534e-05
-2.453281709230154599e-05
-8.342606165307603350e-05
-4.321070104024655252e-05
-7.403479275029638685e-05
-3.856752418096632450e-05
