-4.711119908620812645e-04
-9.952947496879586324e-05
-2.550427855283749607e-04
1.040576712064177539e-04
-9.979082336860036948e-05
1.609238603747078635e-05
-1.294727592309683471e-04
9.675794247119799002e-05
-5.552363426089721793e-05
7.067836582660508250e-05
-8.947877114641764962e-05
2.069985531955979309e-05
-7.201504788033159733e-05
1.026080143728086793e-04
-1.338853324171605124e-04
4.140058784894438460e-05
-4.710366400832398506e-05
2.555725911333765136e-05
-7.990462290678225239e-05
4.737850320577754250e-05
-5.280409710000322709e-05
4.604992181600145999e-05
-5.580168360157059004e-05
3.582280019833245150e-05
-8.033093484223146979e-05
4.167011649816329495e-05
-5.463742233801042872e-05
1.161500747331896897e-05
-4.829066695710912947e-05
3.558416435977390240e-05
-4.637280750574891572e-05
5.638479537561197873e-05
-4.785479200916898876e-06
1.646462540319669525e-05
-5.306881092928398999e-05
2.458818306462007967e-07
-3.801606934842843806e-05
3.908167660213715853e-06
-3.175871752865102758e-05
3.059033597652407290e-06
-6.059352120686840296e-05
2.043416119329285921e-05
-3.514239960764671300e-05
8.654472323795613364e-06
-3.517308574726510655e-05
3.871841611443355885e-07
-4.577890919546889303e-05
1.068836820782166812e-05
-3.646341793489693567e-05
9.638358113998597536e-06
-3.593985906251146426e-05
3.819016392861292266e-06
-3.145945840117547585e-05
5.802079026207818520e-06
-3.540301746973572715e-05
6.639182900380165448e-06
-2.830081847663807145e-05
1.762105166297340172e-05
-9.001385694832759999e-05
2.856446337070040790e-05
-3.293722250120828087e-05
-4.885096294578096107e-06
-3.538655337087465234e-05
1.178481874287148661e-05
-6.491483804046369347e-05
2.426771504870440713e-05
4.866428944783654205e-06
-9.154361107414224968e-06
-1.162545492415445675e-05
7.609174655576473677e-06
1.105664838969344833e-05
2.841340169316950467e-05
-3.146583983820542689e-05
5.552206338675315528e-06
-3.349455805582265733e-05
-9.809161781270438343e-06
-1.511880139671748050e-05
-2.472338591075220362e-05
-2.895381550367015605e-05
-1.463771891113434212e-05
-2.928618594498526016e-05
-1.897057220272356759e-05
-2.308678817828355346e-05
-8.651619114085225046e-06
-2.819456070726358659e-05
-1.288879047032048900e-05
-2.905801873419621334e-05
-1.152977399402658458e-05
-3.221872317764680374e-05
-1.425504822442106211e-05
-3.544005302488272902e-05
-5.382771853765332189e-06
-3.545814389246178011e-05
-9.443886523985771693e-06
-3.799109903421163376e-05
-8.146246368640487872e-06
-3.485955956464225448e-05
-1.056293643694014405e-06
-3.547746180056393411e-05
-6.981935505052360569e-06
-3.792471024484347279e-05
-6.670084515931979911e-06
-3.137761310600815012e-05
-4.738417335743767894e-06
-3.711275000079050336e-05
-2.323930582341283205e-06
-3.786260276533017980e-05
-5.664823446460866483e-06
-3.389330873829776735e-05
-2.043797627469311937e-06
-3.914905106081997452e-05
-9.876417937874695514e-06
-3.855856142388483851e-05
-1.407524243698983055e-05
-4.953666238490045056e-05
-1.570083006990971106e-05
-5.830254895624100429e-05
-2.113524066470204104e-05
-6.783442092355476119e-05
-1.371609698482487872e-05
-6.439808168040285453e-05
-2.069131864176833148e-05
-9.131758513237296757e-05
-4.927686782954704187e-05
-1.060359805762289224e-04
-7.051699748619492058e-05
-9.452008079728464415e-05
-1.197034526651400067e-04
