-3.385576641628649033e-03
3.073676912737910438e-03
-3.252715435344767821e-03
2.604081307919755076e-03
-3.107462232677266414e-03
2.371558691286767152e-03
-3.052187720287640772e-03
2.122741870802205989e-03
-2.838857168680137318e-03
2.004563835058371414e-03
-2.748682811900068565e-03
1.736544323082003880e-03
-2.656449208262416390e-03
1.541103664266505998e-03
-2.536293513627523987e-03
1.385835338559650558e-03
-2.496071265611041288e-03
1.330405371705633503e-03
-2.428063936328512390e-03
1.289597417330599297e-03
-2.317595998270270685e-03
1.246729985707500455e-03
-2.229406509100203583e-03
1.235559240683217720e-03
-2.191218145432066982e-03
1.309801524583389725e-03
-2.016252026535796625e-03
1.319298878754310636e-03
-1.796613534998240010e-03
1.357408273195122176e-03
-1.596396129725810098e-03
1.369693056725455231e-03
-1.338691840542275248e-03
1.399241973417163351e-03
-1.133655635138413123e-03
1.401029581380314150e-03
-8.759525312811896605e-04
1.397383352505637399e-03
-5.454664149154060540e-04
1.366254893556559814e-03
-2.714354697421049608e-04
1.216587596847963073e-03
-2.597693690063287408e-05
1.033988880987012950e-03
1.662077353741443124e-04
8.179950892004247878e-04
2.693218846053550505e-04
5.899905670322454655e-04
2.963337926104926711e-04
3.578970061911806847e-04
2.491586000330782121e-04
1.939549755845491332e-04
1.962445370075975018e-04
6.648291348521665975e-05
1.339903370287289365e-04
5.882810149318286287e-06
7.895560540440556762e-05
-1.982945585364618820e-05
7.090388402479414528e-05
1.476199778046575321e-05
3.384676197122567275e-06
-2.871609374440044370e-05
-1.259654339412799270e-05
-2.627386842494209285e-05
1.698665900850579544e-05
-4.187372280163258312e-05
-3.247817519532612471e-05
-1.430322876224206979e-05
-4.804431491170309460e-05
-2.616100823012127173e-05
-8.882106242125916990e-06
1.472392477210360509e-05
-1.253240103009854825e-05
-7.734299876027322509e-06
-3.388196399392380580e-05
-1.036933476493582093e-05
-3.143564592856205457e-05
-1.324090113224508053e-05
-2.313864239617772012e-05
-2.698342199928299004e-05
-2.335982427597394095e-05
-2.169174656764123721e-05
-3.104660303916710509e-05
-1.442518448871569289e-05
-2.607259240305836789e-05
-1.196414429538454427e-05
-3.327941947938180376e-05
-1.635934735283540577e-05
-3.157217248863452257e-05
-1.143436912155827800e-05
-3.615617889585811271e-05
-1.270543136116845038e-05
-2.986751144601254216e-05
-1.485361101183050373e-05
-3.884012317396204507e-05
-8.023322627989727435e-06
-3.594586789408490979e-05
-5.263625521164040241e-06
-3.519174604560223763e-05
-4.946923318775528234e-06
-3.364833260674966492e-05
-6.426853444457483692e-06
-3.635191222336454605e-05
-8.400183140597250863e-07
-3.780493576950546181e-05
-8.753200377320315562e-07
-4.114305265439275689e-05
-2.201285979501152614e-06
-3.653366772324338015e-05
-1.095819608122975688e-05
-4.058967614415288797e-05
-1.110272730811516850e-05
-4.698661118580064631e-05
-1.008494695456934470e-05
-4.826795748228139186e-05
-1.420003405111830716e-05
-6.036869541773263776e-05
-2.265429975791680554e-05
-6.939650403302045087e-05
-2.797603464530756920e-05
-7.995156841107518711e-05
-2.867966408542772886e-05
-9.290577134460115301e-05
-1.731788651573487915e-05
-1.050142683620599449e-04
-4.348601285356394012e-05
-1.157231608757277274e-04
-7.815647437941244903e-05
